"","features","rank_in_american","rank_in_british","difference"
"1","1_the",2232,1379,853
"2","10_years",1298,493,805
"3","2_the",2018,1211,807
"4","20_years",1740,698,1042
"5","3_the",1619,743,876
"6","4_the",256,94,162
"7","a_bad",2367,559,1808
"8","a_better",2411,1724,687
"9","a_big",2783,2064,719
"10","a_bit",2823,2552,271
"11","a_black",1730,217,1513
"12","a_book",2603,1241,1362
"13","a_brief",858,536,322
"14","a_british",373,520,147
"15","a_business",430,519,89
"16","a_car",982,1480,498
"17","a_case",1415,1537,122
"18","a_century",362,133,229
"19","a_certain",2037,2031,6
"20","a_chance",1799,1322,477
"21","a_change",133,1497,1364
"22","a_child",1562,1769,207
"23","a_clear",694,1555,861
"24","a_common",884,1548,664
"25","a_company",1924,1535,389
"26","a_copy",109,1119,1010
"27","a_country",841,453,388
"28","a_couple",2575,2178,397
"29","a_day",2328,2202,126
"30","a_different",2332,2325,7
"31","a_dozen",1296,58,1238
"32","a_family",414,1239,825
"33","a_few",3086,3020,66
"34","a_fine",801,1359,558
"35","a_former",2423,1691,732
"36","a_free",490,1030,540
"37","a_friend",2108,1005,1103
"38","a_full",1055,2089,1034
"39","a_general",449,2106,1657
"40","a_good",2990,2986,4
"41","a_government",1286,1006,280
"42","a_great",2787,2888,101
"43","a_group",1920,2364,444
"44","a_half",1095,1284,189
"45","a_high",868,2193,1325
"46","a_higher",242,897,655
"47","a_house",467,1073,606
"48","a_huge",2072,1281,791
"49","a_job",1818,925,893
"50","a_key",234,658,424
"51","a_kind",2194,837,1357
"52","a_large",2191,2857,666
"53","a_larger",523,29,494
"54","a_letter",1792,1520,272
"55","a_list",1436,840,596
"56","a_little",2975,2841,134
"57","a_local",575,2005,1430
"58","a_long",2777,2743,34
"59","a_lot",3026,2910,116
"60","a_major",2453,2742,289
"61","a_man",2861,2684,177
"62","a_massive",169,334,165
"63","a_matter",1658,2295,637
"64","a_member",1212,2377,1165
"65","a_mere",313,142,171
"66","a_million",649,156,493
"67","a_moment",1060,56,1004
"68","a_month",1835,1317,518
"69","a_more",2761,2849,88
"70","a_much",1549,1809,260
"71","a_national",1952,2002,50
"72","a_new",3078,3074,4
"73","a_number",2002,2981,979
"74","a_pair",770,408,362
"75","a_part",441,1092,651
"76","a_particular",736,2562,1826
"77","a_party",569,1149,580
"78","a_person",1705,2119,414
"79","a_personal",533,556,23
"80","a_piece",2779,815,1964
"81","a_place",1577,1656,79
"82","a_point",1260,1129,131
"83","a_policy",260,276,16
"84","a_political",2427,1213,1214
"85","a_position",106,994,888
"86","a_possible",185,61,124
"87","a_powerful",957,424,533
"88","a_private",1223,1289,66
"89","a_problem",1743,1752,9
"90","a_public",1774,1515,259
"91","a_question",1797,886,911
"92","a_real",2216,1815,401
"93","a_recent",2379,884,1495
"94","a_report",1974,1381,593
"95","a_result",2178,2781,603
"96","a_second",2057,2389,332
"97","a_sense",1883,1664,219
"98","a_separate",663,1218,555
"99","a_series",2117,2555,438
"100","a_serious",1506,1235,271
"101","a_set",54,1162,1108
"102","a_short",1001,1922,921
"103","a_significant",160,1634,1474
"104","a_similar",2505,2275,230
"105","a_simple",1164,1428,264
"106","a_single",2728,2648,80
"107","a_small",2635,2874,239
"108","a_special",2236,2403,167
"109","a_state",1394,1051,343
"110","a_statement",86,1546,1460
"111","a_strong",1534,2171,637
"112","a_study",460,386,74
"113","a_successful",72,598,526
"114","a_third",1940,2153,213
"115","a_time",2555,2420,135
"116","a_total",302,1791,1489
"117","a_variety",335,2159,1824
"118","a_very",2722,2962,240
"119","a_way",2683,2406,277
"120","a_week",2472,2565,93
"121","a_while",1272,586,686
"122","a_white",1908,76,1832
"123","a_whole",2229,2576,347
"124","a_woman",2533,1909,624
"125","a_word",1197,465,732
"126","a_world",1891,1057,834
"127","a_year",2930,2831,99
"128","a_young",1838,1721,117
"129","ability_to",2474,2354,120
"130","able_to",2965,3052,87
"131","about_a",2897,2149,748
"132","about_his",2655,1062,1593
"133","about_how",2665,578,2087
"134","about_it",2791,2165,626
"135","about_the",3128,3085,43
"136","about_their",1692,1020,672
"137","about_this",2455,887,1568
"138","about_to",1958,1547,411
"139","about_what",2509,1161,1348
"140","above_all",827,1118,291
"141","above_the",1264,2133,869
"142","absence_of",998,1842,844
"143","accept_the",487,853,366
"144","access_to",2440,2469,29
"145","accompanied_by",129,1170,1041
"146","according_to",3093,2958,135
"147","account_for",404,511,107
"148","account_of",2151,2299,148
"149","accused_of",1718,1007,711
"150","across_the",2577,2714,137
"151","act_of",1820,1861,41
"152","addition_to",1292,2047,755
"153","advantage_of",885,1688,803
"154","afford_to",510,418,92
"155","after_a",2612,2878,266
"156","after_all",2873,1908,965
"157","after_he",1237,461,776
"158","after_his",1053,1407,354
"159","after_the",2998,3042,44
"160","again_and",1199,596,603
"161","again_the",997,1295,298
"162","against_a",1186,1371,185
"163","against_the",2966,2964,2
"164","age_of",2164,2290,126
"165","agree_that",2080,664,1416
"166","agree_with",1627,224,1403
"167","agreed_that",8,800,792
"168","agreed_to",2360,2256,104
"169","ahead_of",726,989,263
"170","aid_to",12,67,55
"171","aimed_at",32,1404,1372
"172","all_but",1909,844,1065
"173","all_his",1092,476,616
"174","all_i",397,117,280
"175","all_in",1205,1076,129
"176","all_its",892,423,469
"177","all_of",2797,2685,112
"178","all_over",1912,1920,8
"179","all_that",2487,2035,452
"180","all_the",3101,3097,4
"181","all_their",93,201,108
"182","all_these",2012,1636,376
"183","all_this",2570,1868,702
"184","all_those",1846,1106,740
"185","all_three",1271,548,723
"186","allowed_to",2038,2254,216
"187","almost_all",578,30,548
"188","almost_certainly",187,161,26
"189","along_the",1634,2470,836
"190","along_with",2556,2189,367
"191","already_been",865,1673,808
"192","also_a",2429,2182,247
"193","also_be",910,2609,1699
"194","also_has",396,115,281
"195","also_have",296,1046,750
"196","also_in",593,993,400
"197","also_the",2407,2013,394
"198","although_it",388,1703,1315
"199","although_the",2070,2673,603
"200","always_be",320,767,447
"201","always_been",1694,1374,320
"202","am_not",1462,366,1096
"203","among_the",2774,2761,13
"204","amount_of",2279,2663,384
"205","an_alternative",206,1034,828
"206","an_american",2162,113,2049
"207","an_attempt",1133,1775,642
"208","an_early",572,1345,773
"209","an_end",863,1209,346
"210","an_example",1050,1288,238
"211","an_excellent",564,784,220
"212","an_hour",1532,1615,83
"213","an_important",1670,2496,826
"214","an_independent",1916,1138,778
"215","an_interesting",1118,73,1045
"216","an_international",705,670,35
"217","an_old",1810,1496,314
"218","an_opportunity",153,674,521
"219","analysis_of",1137,2041,904
"220","and_a",3116,3118,2
"221","and_after",417,1564,1147
"222","and_again",878,462,416
"223","and_all",2392,2444,52
"224","and_also",1313,2322,1009
"225","and_an",2633,2675,42
"226","and_another",485,778,293
"227","and_are",1844,2569,725
"228","and_as",2399,2709,310
"229","and_at",1688,2516,828
"230","and_be",436,839,403
"231","and_because",872,175,697
"232","and_by",2129,2616,487
"233","and_can",252,1891,1639
"234","and_do",383,1242,859
"235","and_economic",274,1521,1247
"236","and_even",2711,2524,187
"237","and_for",2596,2798,202
"238","and_get",1023,253,770
"239","and_had",1331,2573,1242
"240","and_has",2437,2510,73
"241","and_have",2056,2289,233
"242","and_he",2884,2940,56
"243","and_hence",554,234,320
"244","and_her",2539,2158,381
"245","and_his",3048,3004,44
"246","and_how",2127,2168,41
"247","and_i",3035,3043,8
"248","and_if",2675,2657,18
"249","and_in",2969,3081,112
"250","and_indeed",50,868,818
"251","and_is",2744,2912,168
"252","and_it",2916,3030,114
"253","and_it's",2405,927,1478
"254","and_its",2757,2838,81
"255","and_john",920,466,454
"256","and_just",737,5,732
"257","and_less",969,285,684
"258","and_made",126,901,775
"259","and_make",1320,1190,130
"260","and_many",1328,1887,559
"261","and_more",2829,2734,95
"262","and_most",2187,1933,254
"263","and_my",1525,1075,450
"264","and_new",2003,1229,774
"265","and_no",2343,1859,484
"266","and_not",2764,2707,57
"267","and_now",2085,1698,387
"268","and_of",2434,2783,349
"269","and_on",2161,2700,539
"270","and_one",2209,2515,306
"271","and_only",961,1424,463
"272","and_or",269,965,696
"273","and_other",2947,2954,7
"274","and_others",1932,1832,100
"275","and_our",531,529,2
"276","and_over",702,541,161
"277","and_perhaps",1258,1094,164
"278","and_political",1367,1659,292
"279","and_public",76,682,606
"280","and_put",96,473,377
"281","and_said",1676,1378,298
"282","and_she",2026,1903,123
"283","and_should",157,1083,926
"284","and_so",2890,2892,2
"285","and_social",951,2537,1586
"286","and_some",2137,2400,263
"287","and_sometimes",173,665,492
"288","and_still",791,494,297
"289","and_that",3088,3058,30
"290","and_the",3144,3145,1
"291","and_their",2652,2890,238
"292","and_then",2989,2969,20
"293","and_there",2323,2827,504
"294","and_therefore",1418,1939,521
"295","and_they",2654,2884,230
"296","and_this",2145,2731,586
"297","and_those",1471,1940,469
"298","and_thus",929,1255,326
"299","and_to",2942,3063,121
"300","and_two",867,2080,1213
"301","and_was",2262,2913,651
"302","and_we",2404,2836,432
"303","and_what",2568,2190,378
"304","and_when",2266,2345,79
"305","and_which",949,2032,1083
"306","and_white",848,747,101
"307","and_who",1793,1601,192
"308","and_will",2436,2481,45
"309","and_with",1915,2647,732
"310","and_women",1248,1340,92
"311","and_would",1037,1838,801
"312","and_yet",1922,862,1060
"313","and_you",2630,2473,157
"314","and_your",894,574,320
"315","announced_that",1742,1384,358
"316","answer_to",2193,655,1538
"317","any_case",973,617,356
"318","any_more",751,863,112
"319","any_of",2449,2255,194
"320","any_other",2334,2445,111
"321","any_time",226,470,244
"322","anyone_who",1890,942,948
"323","appeal_to",823,832,9
"324","appear_to",1229,1951,722
"325","appearance_of",579,62,517
"326","appeared_in",684,639,45
"327","appears_to",1977,1924,53
"328","apply_to",84,1302,1218
"329","approach_to",360,2029,1669
"330","are_a",2717,2629,88
"331","are_all",1981,1881,100
"332","are_already",581,215,366
"333","are_also",1746,2517,771
"334","are_as",992,435,557
"335","are_at",440,1021,581
"336","are_being",1764,2223,459
"337","are_going",1747,1072,675
"338","are_in",2583,2638,55
"339","are_just",1151,180,971
"340","are_likely",300,1674,1374
"341","are_more",2327,2091,236
"342","are_no",2141,1833,308
"343","are_not",2993,3012,19
"344","are_now",2333,2446,113
"345","are_often",134,1587,1453
"346","are_on",1201,920,281
"347","are_only",228,523,295
"348","are_so",1845,873,972
"349","are_some",240,852,612
"350","are_still",2135,2169,34
"351","are_the",2973,2946,27
"352","are_to",869,2477,1608
"353","are_two",776,1304,528
"354","are_very",135,1767,1632
"355","are_you",1996,763,1233
"356","argue_that",2365,1205,1160
"357","argued_that",1812,2127,315
"358","argues_that",2617,434,2183
"359","around_the",2843,2818,25
"360","art_of",1,43,42
"361","as_a",3137,3133,4
"362","as_an",3000,2989,11
"363","as_being",137,1897,1760
"364","as_far",1657,2187,530
"365","as_for",2395,1511,884
"366","as_good",788,120,668
"367","as_he",2790,2815,25
"368","as_his",2095,1437,658
"369","as_i",2661,2650,11
"370","as_if",2901,2411,490
"371","as_in",2441,2677,236
"372","as_is",51,1019,968
"373","as_it",2915,2924,9
"374","as_its",1006,652,354
"375","as_long",2317,1545,772
"376","as_many",1918,1702,216
"377","as_much",2768,2558,210
"378","as_one",2160,2207,47
"379","as_opposed",722,374,348
"380","as_part",1868,2334,466
"381","as_possible",1232,2497,1265
"382","as_she",1685,1433,252
"383","as_soon",1147,1847,700
"384","as_the",3126,3127,1
"385","as_their",926,1133,207
"386","as_they",2718,2885,167
"387","as_though",1200,649,551
"388","as_to",2426,2895,469
"389","as_we",2272,2723,451
"390","as_well",3023,3055,32
"391","as_with",128,1064,936
"392","as_you",2515,2261,254
"393","asked_to",1018,2075,1057
"394","aspect_of",853,1682,829
"395","aspects_of",422,2488,2066
"396","assessment_of",859,688,171
"397","associated_with",1167,2380,1213
"398","assume_that",771,685,86
"399","at_a",3054,3057,3
"400","at_all",2900,2860,40
"401","at_an",1563,1919,356
"402","at_any",1136,1952,816
"403","at_first",1329,2068,739
"404","at_her",677,254,423
"405","at_his",2067,1968,99
"406","at_home",2001,2526,525
"407","at_its",1308,1465,157
"408","at_last",594,1001,407
"409","at_least",3090,3040,50
"410","at_once",974,683,291
"411","at_one",1842,2097,255
"412","at_some",1070,794,276
"413","at_that",1189,2072,883
"414","at_the",3138,3139,1
"415","at_their",665,1477,812
"416","at_this",2130,2676,546
"417","at_times",464,646,182
"418","at_which",666,1484,818
"419","at_work",830,1315,485
"420","attack_on",1203,1038,165
"421","attempt_to",2640,2710,70
"422","attempting_to",270,995,725
"423","attempts_to",1855,1816,39
"424","attention_to",2075,2014,61
"425","available_to",716,2111,1395
"426","aware_of",1370,2225,855
"427","away_from",2580,2679,99
"428","away_the",650,299,351
"429","away_with",1430,171,1259
"430","back_and",1277,1237,40
"431","back_in",2438,2058,380
"432","back_into",517,1086,569
"433","back_of",415,1293,878
"434","back_on",1412,1238,174
"435","back_the",1025,464,561
"436","back_to",2920,2905,15
"437","based_on",2917,2887,30
"438","basis_of",1180,2343,1163
"439","be_a",3082,3076,6
"440","be_able",2636,2846,210
"441","be_allowed",518,1147,629
"442","be_an",2372,2341,31
"443","be_as",1202,1014,188
"444","be_at",247,1078,831
"445","be_better",426,186,240
"446","be_called",1393,691,702
"447","be_considered",59,1707,1648
"448","be_done",812,1999,1187
"449","be_found",760,2234,1474
"450","be_in",2414,2695,281
"451","be_made",1402,2839,1437
"452","be_more",2260,2271,11
"453","be_no",1165,2060,895
"454","be_on",943,1489,546
"455","be_one",484,731,247
"456","be_said",211,1318,1107
"457","be_seen",1003,2659,1656
"458","be_so",1093,793,300
"459","be_sure",1403,132,1271
"460","be_taken",625,2395,1770
"461","be_that",1759,1614,145
"462","be_the",3020,2999,21
"463","be_to",1457,1751,294
"464","be_too",116,49,67
"465","be_used",1672,2799,1127
"466","became_a",1448,1813,365
"467","became_the",1032,1454,422
"468","because_he",2745,1928,817
"469","because_i",1895,1597,298
"470","because_it",2887,2626,261
"471","because_of",2955,2983,28
"472","because_the",2925,2744,181
"473","because_they",2776,2600,176
"474","because_we",840,342,498
"475","become_a",2435,2219,216
"476","become_more",315,306,9
"477","become_the",2376,1257,1119
"478","been_a",2772,2865,93
"479","been_able",236,694,458
"480","been_in",1521,2151,630
"481","been_made",115,2126,2011
"482","been_the",1972,2459,487
"483","been_to",123,735,612
"484","before_a",341,463,122
"485","before_he",1184,943,241
"486","before_it",747,719,28
"487","before_the",2940,2987,47
"488","before_you",148,370,222
"489","began_to",1613,2545,932
"490","begin_to",1094,919,175
"491","beginning_of",964,2121,1157
"492","beginning_to",131,1261,1130
"493","behalf_of",1519,1575,56
"494","behind_the",2254,2269,15
"495","being_a",2205,1943,262
"496","being_the",1247,1305,58
"497","belief_that",435,737,302
"498","believe_that",2694,2346,348
"499","believed_that",80,1000,920
"500","believes_that",915,179,736
"501","below_the",779,1491,712
"502","benefits_of",147,368,221
"503","best_of",794,801,7
"504","better_than",2550,1685,865
"505","between_a",919,443,476
"506","between_the",2904,3056,152
"507","beyond_the",1624,1899,275
"508","bit_of",2157,1553,604
"509","black_and",1300,603,697
"510","board_of",124,787,663
"511","book_is",1851,74,1777
"512","book_of",399,174,225
"513","books_and",142,193,51
"514","born_in",493,1206,713
"515","both_of",756,1275,519
"516","both_sides",1560,1123,437
"517","both_the",2705,2519,186
"518","bottom_of",456,304,152
"519","business_and",1106,1150,44
"520","business_of",89,75,14
"521","but_a",2699,2472,227
"522","but_also",2709,2691,18
"523","but_as",2340,2222,118
"524","but_at",1365,1422,57
"525","but_because",1216,206,1010
"526","but_by",1304,1337,33
"527","but_even",2123,847,1276
"528","but_for",2048,1794,254
"529","but_he",2818,2770,48
"530","but_his",1773,1174,599
"531","but_i",2980,2899,81
"532","but_if",2618,2162,456
"533","but_in",2809,2784,25
"534","but_is",1527,1398,129
"535","but_it",3021,3029,8
"536","but_it's",2707,889,1818
"537","but_no",1557,849,708
"538","but_not",2817,2597,220
"539","but_now",1318,760,558
"540","but_of",935,165,770
"541","but_on",750,823,73
"542","but_one",881,727,154
"543","but_only",1598,1122,476
"544","but_she",1639,1018,621
"545","but_that",2767,2307,460
"546","but_the",3118,3094,24
"547","but_then",2125,1193,932
"548","but_there",2451,2624,173
"549","but_these",259,230,29
"550","but_they",2750,2740,10
"551","but_this",2383,2498,115
"552","but_to",2362,1921,441
"553","but_was",384,1260,876
"554","but_we",1963,2274,311
"555","but_what",2206,1113,1093
"556","but_when",1990,1504,486
"557","but_with",1096,1697,601
"558","but_you",2073,1282,791
"559","by_a",3072,3099,27
"560","by_all",819,489,330
"561","by_an",2321,2566,245
"562","by_any",24,482,458
"563","by_contrast",1737,196,1541
"564","by_her",1104,713,391
"565","by_his",2452,2385,67
"566","by_its",1476,1283,193
"567","by_john",562,564,2
"568","by_one",693,1267,574
"569","by_some",540,1141,601
"570","by_the",3133,3142,9
"571","by_their",1609,1944,335
"572","by_this",1187,1617,430
"573","by_which",546,1746,1200
"574","call_for",817,275,542
"575","called_for",1321,1501,180
"576","called_the",2623,1680,943
"577","came_from",1279,1538,259
"578","came_in",266,643,377
"579","came_to",2168,2601,433
"580","can_also",278,1672,1394
"581","can_be",3043,3117,74
"582","can_do",2020,1580,440
"583","can_get",1783,881,902
"584","can_have",372,505,133
"585","can_make",1257,1040,217
"586","can_only",1482,2015,533
"587","can_see",1163,1363,200
"588","can_take",344,583,239
"589","can_you",1731,616,1115
"590","capable_of",984,1873,889
"591","care_and",6,662,656
"592","care_of",405,533,128
"593","case_for",1435,726,709
"594","case_in",458,382,76
"595","case_of",2361,2703,342
"596","case_the",1776,1798,22
"597","cause_of",1145,1388,243
"598","caused_by",946,1835,889
"599","chairman_of",1626,2253,627
"600","chance_of",1108,1488,380
"601","chance_to",2063,1901,162
"602","change_in",1280,2251,971
"603","change_the",1675,1178,497
"604","changes_in",605,2542,1937
"605","charge_of",573,1460,887
"606","charged_with",492,1165,673
"607","children_and",1324,1540,216
"608","choice_of",810,1848,1038
"609","city_of",542,1253,711
"610","civil_war",1408,632,776
"611","claim_that",2293,711,1582
"612","claim_to",1026,715,311
"613","claimed_that",731,1624,893
"614","claims_that",2309,32,2277
"615","clear_that",2239,2313,74
"616","close_to",2366,2301,65
"617","closer_to",966,2,964
"618","collection_of",854,1738,884
"619","combination_of",1225,1418,193
"620","come_from",1917,1654,263
"621","come_in",479,500,21
"622","come_to",2659,2667,8
"623","come_up",1374,125,1249
"624","comes_from",1651,702,949
"625","comes_to",2256,1171,1085
"626","comment_on",184,3,181
"627","commitment_to",904,1770,866
"628","company_is",221,198,23
"629","compared_to",613,710,97
"630","compared_with",1567,2231,664
"631","concept_of",87,1872,1785
"632","concerned_about",257,136,121
"633","concluded_that",990,246,744
"634","connection_with",1515,1291,224
"635","consider_the",1444,1543,99
"636","context_of",60,1735,1675
"637","continue_to",2462,2412,50
"638","continued_to",1056,2145,1089
"639","continues_to",2058,518,1540
"640","contrary_to",453,211,242
"641","control_of",1965,2329,364
"642","control_the",535,765,230
"643","copies_of",71,569,498
"644","copy_of",692,1256,564
"645","cost_of",2315,2656,341
"646","could_be",2943,3054,111
"647","could_do",263,403,140
"648","could_have",2752,2540,212
"649","could_not",2273,2844,571
"650","country_and",438,971,533
"651","couple_of",2576,2185,391
"652","course_of",1486,2214,728
"653","course_the",1629,953,676
"654","cover_the",590,608,18
"655","create_a",1426,1439,13
"656","creation_of",113,1747,1634
"657","criticism_of",954,98,856
"658","day_and",802,1408,606
"659","day_in",792,571,221
"660","day_of",1031,1344,313
"661","day_the",1244,1116,128
"662","days_of",1931,1711,220
"663","deal_of",272,1443,1171
"664","deal_with",2255,2430,175
"665","dealing_with",866,1997,1131
"666","death_of",2296,1516,780
"667","decided_to",2121,2416,295
"668","decision_to",2486,1839,647
"669","definition_of",925,1043,118
"670","demand_for",34,1865,1831
"671","democratic_party",1460,34,1426
"672","department_of",1870,2432,562
"673","depending_on",28,753,725
"674","depends_on",1513,1033,480
"675","described_as",669,1970,1301
"676","description_of",850,874,24
"677","designed_to",2303,2410,107
"678","desire_to",1342,921,421
"679","despite_the",2144,2387,243
"680","details_of",1190,2224,1034
"681","devoted_to",1431,375,1056
"682","did_not",2995,3048,53
"683","did_the",2196,1225,971
"684","died_in",902,1689,787
"685","difference_between",1836,1469,367
"686","different_from",1347,1426,79
"687","difficult_to",1671,2766,1095
"688","director_of",1751,2302,551
"689","discussion_of",1559,1115,444
"690","do_a",1066,378,688
"691","do_is",967,84,883
"692","do_it",2470,1926,544
"693","do_not",2906,3023,117
"694","do_so",2314,2423,109
"695","do_that",1270,255,1015
"696","do_the",2491,2056,435
"697","do_they",282,90,192
"698","do_this",728,1082,354
"699","do_we",1729,26,1703
"700","do_with",2719,1995,724
"701","do_you",2796,2300,496
"702","does_it",1796,210,1586
"703","does_not",3007,3019,12
"704","does_the",2269,1416,853
"705","doing_so",767,377,390
"706","dominated_by",26,513,487
"707","doubt_that",541,1148,607
"708","down_a",1490,456,1034
"709","down_and",1175,1431,256
"710","down_in",1345,1309,36
"711","down_on",1125,1026,99
"712","down_the",2704,2737,33
"713","down_to",2091,2476,385
"714","due_to",1806,2819,1013
"715","during_a",1494,1522,28
"716","during_his",1488,316,1172
"717","during_the",3015,3061,46
"718","each_of",1687,2212,525
"719","each_other",2594,2503,91
"720","each_year",200,781,581
"721","earlier_in",166,123,43
"722","earlier_this",1376,297,1079
"723","easier_to",1045,480,565
"724","easy_to",2049,2197,148
"725","economy_and",475,170,305
"726","education_and",813,2045,1232
"727","effect_of",888,2284,1396
"728","effect_on",667,1637,970
"729","effects_of",1230,2103,873
"730","effort_to",2201,772,1429
"731","efforts_to",2010,824,1186
"732","either_the",168,300,132
"733","end_of",2956,3050,94
"734","end_the",1103,479,624
"735","end_to",288,472,184
"736","end_up",1681,149,1532
"737","engaged_in",589,539,50
"738","enough_for",451,64,387
"739","enough_to",2842,2640,202
"740","enter_the",36,83,47
"741","especially_in",355,1320,965
"742","europe_and",468,1102,634
"743","even_a",2185,936,1249
"744","even_if",2891,2622,269
"745","even_in",1884,1759,125
"746","even_more",2578,2249,329
"747","even_the",2737,2283,454
"748","even_though",2695,2311,384
"749","even_when",1504,938,566
"750","every_day",1556,759,797
"751","evidence_of",2300,2052,248
"752","evidence_that",2220,1276,944
"753","exactly_the",873,195,678
"754","example_of",2350,2304,46
"755","example_the",808,1810,1002
"756","examples_of",695,1585,890
"757","except_for",1168,81,1087
"758","existence_of",271,1421,1150
"759","expected_to",2176,2711,535
"760","expense_of",222,223,1
"761","experience_of",1085,2061,976
"762","explain_the",816,199,617
"763","face_of",1528,1461,67
"764","fact_that",2924,2922,2
"765","fact_the",1407,524,883
"766","fail_to",820,558,262
"767","failed_to",2520,2521,1
"768","failing_to",1453,322,1131
"769","fails_to",1266,17,1249
"770","failure_of",371,469,98
"771","failure_to",1561,1386,175
"772","family_and",729,1120,391
"773","far_as",1689,2539,850
"774","far_from",1352,1744,392
"775","far_more",2263,1536,727
"776","far_the",339,197,142
"777","fear_of",1343,937,406
"778","feel_that",639,956,317
"779","few_days",1240,776,464
"780","few_months",1357,350,1007
"781","few_of",308,22,286
"782","few_weeks",1591,212,1379
"783","few_years",2381,1605,776
"784","find_a",1980,1620,360
"785","find_it",1477,1323,154
"786","find_out",2146,1402,744
"787","find_that",328,1243,915
"788","find_the",1847,1335,512
"789","first_and",9,891,882
"790","first_of",600,1507,907
"791","first_place",1593,385,1208
"792","first_the",230,553,323
"793","first_time",2463,2617,154
"794","first_to",208,1068,860
"795","five_years",2116,2247,131
"796","focus_on",1934,527,1407
"797","followed_by",548,2132,1584
"798","following_the",781,2372,1591
"799","food_and",898,1101,203
"800","for_a",3127,3128,1
"801","for_all",2647,2699,52
"802","for_an",2794,2777,17
"803","for_another",842,534,308
"804","for_any",1419,1980,561
"805","for_both",175,1037,862
"806","for_each",357,1898,1541
"807","for_example",2957,3051,94
"808","for_her",2469,1915,554
"809","for_him",2289,2044,245
"810","for_his",2960,2826,134
"811","for_instance",2769,2590,179
"812","for_it",2374,2330,44
"813","for_its",2607,2373,234
"814","for_many",1138,2211,1073
"815","for_me",2244,1900,344
"816","for_more",2879,2130,749
"817","for_most",1049,1144,95
"818","for_my",1570,458,1112
"819","for_new",462,634,172
"820","for_one",2277,1773,504
"821","for_our",1206,1112,94
"822","for_people",638,819,181
"823","for_several",191,340,149
"824","for_some",2292,2501,209
"825","for_that",2370,1927,443
"826","for_the",3143,3143,0
"827","for_their",2669,2832,163
"828","for_them",1850,2298,448
"829","for_these",323,963,640
"830","for_this",2682,2796,114
"831","for_those",2111,2332,221
"832","for_two",1520,1814,294
"833","for_us",664,1473,809
"834","for_what",1782,704,1078
"835","for_which",1499,2146,647
"836","for_women",745,475,270
"837","for_years",1781,633,1148
"838","for_you",1925,1590,335
"839","for_your",1761,1701,60
"840","forced_to",2022,1932,90
"841","form_of",2565,2903,338
"842","forms_of",1150,2282,1132
"843","forward_to",829,1298,469
"844","found_a",857,498,359
"845","found_in",1293,2352,1059
"846","found_that",1483,2028,545
"847","found_the",354,1135,781
"848","four_years",1177,1539,362
"849","free_to",1170,391,779
"850","freedom_of",431,562,131
"851","friends_and",1120,454,666
"852","from_a",3037,3037,0
"853","from_all",249,1347,1098
"854","from_an",2036,1877,159
"855","from_being",724,615,109
"856","from_her",1007,841,166
"857","from_his",2681,2462,219
"858","from_it",149,393,244
"859","from_its",1531,1552,21
"860","from_one",1016,1734,718
"861","from_that",520,1419,899
"862","from_the",3132,3136,4
"863","from_their",2033,2270,237
"864","from_this",1310,1976,666
"865","from_which",807,1795,988
"866","front_of",2227,2124,103
"867","full_of",2353,1823,530
"868","future_of",826,1039,213
"869","gave_the",265,579,314
"870","get_a",2615,2098,517
"871","get_out",310,80,230
"872","get_the",2554,2180,374
"873","get_to",2046,941,1105
"874","give_a",983,1571,588
"875","give_the",2021,1774,247
"876","give_up",606,36,570
"877","give_you",429,419,10
"878","given_the",2208,2399,191
"879","given_to",718,2264,1546
"880","go_back",989,222,767
"881","go_on",1696,1694,2
"882","go_out",42,497,455
"883","go_to",2706,2525,181
"884","goes_on",1823,452,1371
"885","going_on",1876,1528,348
"886","going_to",3060,2933,127
"887","good_for",1541,176,1365
"888","got_a",1828,1459,369
"889","got_the",1475,835,640
"890","got_to",1668,1652,16
"891","government_and",1179,2042,863
"892","government_has",1142,600,542
"893","government_in",132,1343,1211
"894","government_is",1217,406,811
"895","government_the",231,589,358
"896","government_to",803,1410,607
"897","great_deal",301,1741,1440
"898","grounds_that",223,280,57
"899","group_of",2175,2631,456
"900","growth_of",179,1662,1483
"901","had_a",2952,3007,55
"902","had_already",668,1790,1122
"903","had_an",1414,1463,49
"904","had_been",3009,3120,111
"905","had_made",495,1294,799
"906","had_never",376,680,304
"907","had_no",1879,2426,547
"908","had_not",1058,2589,1531
"909","had_the",2464,2655,191
"910","had_to",2847,3024,177
"911","half_a",1160,1181,21
"912","half_of",2290,2240,50
"913","half_the",1306,1391,85
"914","hand_the",452,122,330
"915","hands_of",730,1164,434
"916","happened_to",1594,405,1189
"917","happy_to",971,361,610
"918","hard_to",2846,2152,694
"919","has_a",3005,2949,56
"920","has_already",2140,1648,492
"921","has_also",1351,1708,357
"922","has_always",1719,1095,624
"923","has_an",1641,1199,442
"924","has_become",2611,1796,815
"925","has_been",3112,3126,14
"926","has_come",1284,630,654
"927","has_done",1795,12,1783
"928","has_gone",768,392,376
"929","has_had",1226,1487,261
"930","has_its",477,270,207
"931","has_just",363,145,218
"932","has_made",2186,1339,847
"933","has_never",2139,582,1557
"934","has_no",2518,1586,932
"935","has_not",2417,2458,41
"936","has_now",326,1163,837
"937","has_taken",993,898,95
"938","has_the",2725,2405,320
"939","has_to",2664,2758,94
"940","have_a",3057,3065,8
"941","have_already",1228,1748,520
"942","have_always",678,259,419
"943","have_an",2076,2054,22
"944","have_any",772,750,22
"945","have_become",1798,1089,709
"946","have_been",3122,3129,7
"947","have_come",1380,988,392
"948","have_done",1758,1503,255
"949","have_found",631,381,250
"950","have_given",92,158,66
"951","have_gone",1219,647,572
"952","have_had",2128,2479,351
"953","have_in",262,376,114
"954","have_made",1997,1717,280
"955","have_never",1337,455,882
"956","have_no",2590,2268,322
"957","have_not",1699,2248,549
"958","have_seen",834,1799,965
"959","have_some",98,591,493
"960","have_taken",883,1326,443
"961","have_the",2830,2883,53
"962","have_their",379,814,435
"963","have_to",3075,3077,2
"964","have_you",1215,111,1104
"965","having_a",1496,1727,231
"966","having_been",176,1221,1045
"967","having_to",1364,1376,12
"968","he_added",30,1192,1162
"969","he_also",2142,2065,77
"970","he_and",1493,1313,180
"971","he_can",2386,1844,542
"972","he_could",2454,2568,114
"973","he_did",2625,2543,82
"974","he_does",2226,1576,650
"975","he_had",2984,3075,91
"976","he_has",3062,2944,118
"977","he_is",3065,2995,70
"978","he_knew",62,42,20
"979","he_made",1075,1055,20
"980","he_may",1708,1071,637
"981","he_might",1432,396,1036
"982","he_must",561,506,55
"983","he_or",125,817,692
"984","he_said",2800,3002,202
"985","he_says",2629,2585,44
"986","he_should",1507,1263,244
"987","he_thought",526,107,419
"988","he_told",1246,1159,87
"989","he_took",107,1085,978
"990","he_wanted",891,409,482
"991","he_was",3102,3119,17
"992","he_went",110,1180,1070
"993","he_will",2523,2465,58
"994","he_would",2799,2810,11
"995","he_wrote",1968,651,1317
"996","head_of",2174,2504,330
"997","health_and",472,1788,1316
"998","health_care",2250,256,1994
"999","heart_of",1128,1349,221
"1000","help_the",322,912,590
"1001","her_and",1281,477,804
"1002","her_husband",1864,1502,362
"1003","her_own",2276,1762,514
"1004","her_to",2338,1333,1005
"1005","here_and",1406,468,938
"1006","here_in",700,266,434
"1007","here_is",2295,1395,900
"1008","here_the",1693,1236,457
"1009","higher_than",530,413,117
"1010","him_a",2356,1401,955
"1011","him_and",2348,2074,274
"1012","him_as",2179,1196,983
"1013","him_for",1717,532,1185
"1014","him_he",1074,903,171
"1015","him_in",2476,1916,560
"1016","him_on",507,183,324
"1017","him_that",818,380,438
"1018","him_the",2275,1723,552
"1019","him_to",2849,2727,122
"1020","him_with",1269,249,1020
"1021","himself_in",952,45,907
"1022","himself_to",626,60,566
"1023","his_career",955,357,598
"1024","his_death",203,964,761
"1025","his_family",1183,709,474
"1026","his_father",1456,1574,118
"1027","his_first",1941,2191,250
"1028","his_head",457,379,78
"1029","his_life",1936,1619,317
"1030","his_mother",610,416,194
"1031","his_name",914,152,762
"1032","his_new",1592,251,1341
"1033","his_or",324,976,652
"1034","his_own",2996,2901,95
"1035","his_son",401,292,109
"1036","his_way",1155,528,627
"1037","his_wife",2480,2474,6
"1038","his_work",1105,1050,55
"1039","history_and",317,367,50
"1040","history_of",2591,2394,197
"1041","hit_the",192,421,229
"1042","home_and",714,1612,898
"1043","home_in",214,1716,1502
"1044","home_to",81,1053,972
"1045","hong_kong",2420,1594,826
"1046","hope_that",1480,1646,166
"1047","house_and",1989,1108,881
"1048","house_of",909,2594,1685
"1049","house_the",309,46,263
"1050","how_can",1451,241,1210
"1051","how_do",1354,233,1121
"1052","how_he",1333,135,1198
"1053","how_it",896,701,195
"1054","how_many",2307,1389,918
"1055","how_much",2631,2082,549
"1056","how_the",2687,2309,378
"1057","how_they",797,1081,284
"1058","how_to",2877,2672,205
"1059","however_is",67,311,244
"1060","however_that",494,1249,755
"1061","however_the",1580,2701,1121
"1062","human_rights",2312,1513,799
"1063","hundreds_of",2326,1633,693
"1064","i_am",3033,2980,53
"1065","i_asked",473,114,359
"1066","i_believe",1975,1413,562
"1067","i_can",2642,2644,2
"1068","i_could",2418,2584,166
"1069","i_did",2050,2483,433
"1070","i_do",2619,2937,318
"1071","i_feel",1703,1194,509
"1072","i_felt",442,1146,704
"1073","i_find",1615,72,1543
"1074","i_found",1301,729,572
"1075","i_got",995,1127,132
"1076","i_had",2649,2917,268
"1077","i_have",3052,3032,20
"1078","i_hope",1416,1714,298
"1079","i_just",1546,1015,531
"1080","i_knew",466,795,329
"1081","i_know",2715,2095,620
"1082","i_like",1358,441,917
"1083","i_mean",1900,187,1713
"1084","i_must",406,538,132
"1085","i_never",762,271,491
"1086","i_remember",121,561,440
"1087","i_said",1033,1486,453
"1088","i_saw",1274,740,534
"1089","i_should",1185,1319,134
"1090","i_suppose",1194,313,881
"1091","i_think",3045,2876,169
"1092","i_thought",2253,1910,343
"1093","i_want",2257,1606,651
"1094","i_was",3032,3068,36
"1095","i_went",413,1231,818
"1096","i_will",2062,1819,243
"1097","i_would",2795,2840,45
"1098","idea_of",2595,2505,90
"1099","idea_that",2284,716,1568
"1100","if_a",2222,2392,170
"1101","if_he",2858,2745,113
"1102","if_i",2579,2367,212
"1103","if_it",2875,2843,32
"1104","if_not",2283,1784,499
"1105","if_she",1904,736,1168
"1106","if_so",395,105,290
"1107","if_that",742,344,398
"1108","if_the",3064,3078,14
"1109","if_there",1803,2208,405
"1110","if_they",2883,2897,14
"1111","if_this",1665,1500,165
"1112","if_we",2542,2563,21
"1113","if_you",3089,3071,18
"1114","if_your",655,669,14
"1115","image_of",1158,812,346
"1116","impact_of",159,1554,1395
"1117","impact_on",235,692,457
"1118","importance_of",887,2226,1339
"1119","important_to",698,2026,1328
"1120","impossible_to",1349,1447,98
"1121","in_1991",710,1198,488
"1122","in_1992",1716,371,1345
"1123","in_a",3139,3135,4
"1124","in_addition",1822,2713,891
"1125","in_advance",154,940,786
"1126","in_all",2409,2702,293
"1127","in_america",2508,1058,1450
"1128","in_an",3070,2992,78
"1129","in_and",1722,2093,371
"1130","in_another",1319,877,442
"1131","in_any",2622,2812,190
"1132","in_both",1656,2139,483
"1133","in_britain",1553,2793,1240
"1134","in_case",219,167,52
"1135","in_charge",207,1060,853
"1136","in_common",119,530,411
"1137","in_connection",1239,712,527
"1138","in_contrast",105,973,868
"1139","in_court",261,337,76
"1140","in_east",284,188,96
"1141","in_effect",938,876,62
"1142","in_europe",1420,2286,866
"1143","in_every",1030,1140,110
"1144","in_fact",3027,2914,113
"1145","in_for",847,722,125
"1146","in_france",806,1611,805
"1147","in_front",2006,1998,8
"1148","in_general",2096,2157,61
"1149","in_her",2696,2448,248
"1150","in_his",3100,3064,36
"1151","in_it",1998,1722,276
"1152","in_its",2992,2908,84
"1153","in_january",358,1942,1584
"1154","in_japan",552,82,470
"1155","in_london",1648,2708,1060
"1156","in_many",1646,2549,903
"1157","in_mind",1210,1830,620
"1158","in_more",78,911,833
"1159","in_most",643,1567,924
"1160","in_my",2821,2666,155
"1161","in_new",2834,1934,900
"1162","in_no",268,697,429
"1163","in_on",1581,27,1554
"1164","in_one",2582,2637,55
"1165","in_order",2804,2942,138
"1166","in_other",2766,2671,95
"1167","in_our",2488,2578,90
"1168","in_paris",1242,1029,213
"1169","in_part",2082,1438,644
"1170","in_particular",1887,2654,767
"1171","in_place",497,1356,859
"1172","in_practice",114,1961,1847
"1173","in_public",1524,975,549
"1174","in_question",773,872,99
"1175","in_real",61,7,54
"1176","in_recent",2331,1949,382
"1177","in_response",1784,999,785
"1178","in_return",407,584,177
"1179","in_short",1336,437,899
"1180","in_some",2503,2866,363
"1181","in_south",410,1191,781
"1182","in_such",1422,2450,1028
"1183","in_terms",1614,2814,1200
"1184","in_that",2672,2824,152
"1185","in_the",3148,3148,0
"1186","in_their",2985,3028,43
"1187","in_these",1421,2351,930
"1188","in_this",3061,3091,30
"1189","in_those",1130,1602,472
"1190","in_three",321,854,533
"1191","in_time",1382,1455,73
"1192","in_to",1162,1303,141
"1193","in_turn",930,1758,828
"1194","in_two",1470,1824,354
"1195","in_washington",2558,9,2549
"1196","in_what",1601,1695,94
"1197","in_which",3077,3084,7
"1198","in_with",703,604,99
"1199","in_your",2492,2280,212
"1200","include_the",641,1251,610
"1201","including_a",482,705,223
"1202","including_the",1970,2378,408
"1203","income_tax",68,444,376
"1204","increase_in",1647,2553,906
"1205","indeed_the",659,904,245
"1206","information_about",1107,1357,250
"1207","information_on",85,1334,1249
"1208","inside_the",2364,1145,1219
"1209","instead_of",2855,2383,472
"1210","intended_to",1551,2140,589
"1211","interest_in",2230,2623,393
"1212","interest_rates",2105,1841,264
"1213","interested_in",2188,2179,9
"1214","into_a",3018,2971,47
"1215","into_an",1620,875,745
"1216","into_his",1024,335,689
"1217","into_the",3083,3108,25
"1218","into_their",365,194,171
"1219","invited_to",1182,621,561
"1220","involved_in",1649,2765,1116
"1221","involvement_in",194,612,418
"1222","is_a",3136,3132,4
"1223","is_about",2298,1273,1025
"1224","is_all",1807,1104,703
"1225","is_almost",769,398,371
"1226","is_already",1238,618,620
"1227","is_also",2805,2907,102
"1228","is_always",1442,1409,33
"1229","is_an",3001,2975,26
"1230","is_another",1143,846,297
"1231","is_as",2299,1786,513
"1232","is_at",1849,2069,220
"1233","is_based",713,1262,549
"1234","is_being",2320,2529,209
"1235","is_by",617,908,291
"1236","is_called",912,31,881
"1237","is_expected",800,1329,529
"1238","is_far",916,184,732
"1239","is_for",1748,1766,18
"1240","is_going",2342,1445,897
"1241","is_good",1119,160,959
"1242","is_in",2939,2927,12
"1243","is_it",2756,2233,523
"1244","is_just",2541,1399,1142
"1245","is_less",1464,792,672
"1246","is_likely",1753,2393,640
"1247","is_more",2735,2508,227
"1248","is_much",1741,1254,487
"1249","is_no",2976,2974,2
"1250","is_not",3113,3113,0
"1251","is_nothing",1181,415,766
"1252","is_now",2811,2845,34
"1253","is_of",1680,2250,570
"1254","is_often",1017,2070,1053
"1255","is_on",2288,1946,342
"1256","is_one",2688,2754,66
"1257","is_only",1953,2216,263
"1258","is_part",398,172,226
"1259","is_probably",1465,932,533
"1260","is_said",1861,859,1002
"1261","is_simply",1213,24,1189
"1262","is_so",2656,1893,763
"1263","is_something",1636,557,1079
"1264","is_still",2641,2651,10
"1265","is_that",3125,3066,59
"1266","is_the",3130,3124,6
"1267","is_there",1852,1049,803
"1268","is_this",2400,1346,1054
"1269","is_to",3046,3079,33
"1270","is_too",2310,916,1394
"1271","is_true",1545,892,653
"1272","is_very",1728,2518,790
"1273","is_what",2511,1603,908
"1274","is_why",1889,563,1326
"1275","is_worth",849,785,64
"1276","issue_of",2494,2016,478
"1277","it_a",2716,1965,751
"1278","it_all",2114,1876,238
"1279","it_also",2359,2116,243
"1280","it_and",2730,2618,112
"1281","it_as",2668,2323,345
"1282","it_at",1198,560,638
"1283","it_be",1339,673,666
"1284","it_but",2330,1499,831
"1285","it_by",699,240,459
"1286","it_can",2425,2792,367
"1287","it_clear",766,327,439
"1288","it_comes",2112,826,1286
"1289","it_could",2217,2509,292
"1290","it_did",1762,1845,83
"1291","it_does",2548,2604,56
"1292","it_for",2147,1785,362
"1293","it_from",893,490,403
"1294","it_had",2403,2820,417
"1295","it_has",2982,3013,31
"1296","it_he",704,614,90
"1297","it_i",1547,1383,164
"1298","it_if",90,93,3
"1299","it_in",2825,2692,133
"1300","it_into",991,351,640
"1301","it_is",3131,3141,10
"1302","it_it",687,825,138
"1303","it_makes",1489,331,1158
"1304","it_may",2459,2851,392
"1305","it_means",1214,35,1179
"1306","it_might",2110,1962,148
"1307","it_must",1388,2099,711
"1308","it_on",2197,1230,967
"1309","it_or",953,96,857
"1310","it_out",1554,595,959
"1311","it_seemed",352,1010,658
"1312","it_seems",2746,2502,244
"1313","it_should",2069,2531,462
"1314","it_so",988,155,833
"1315","it_takes",1169,355,814
"1316","it_that",1635,554,1081
"1317","it_the",2882,2610,272
"1318","it_to",2903,2806,97
"1319","it_took",375,577,202
"1320","it_up",1702,656,1046
"1321","it_was",3117,3134,17
"1322","it_were",1434,628,806
"1323","it_will",2908,2952,44
"1324","it_with",2025,1530,495
"1325","it_would",3022,3016,6
"1326","it's_a",2991,2429,562
"1327","it's_not",2912,1595,1317
"1328","it's_the",2698,1097,1601
"1329","its_first",584,329,255
"1330","its_own",2723,2771,48
"1331","join_the",325,1065,740
"1332","just_a",2686,2167,519
"1333","just_as",2782,2442,340
"1334","just_before",40,341,301
"1335","just_one",975,782,193
"1336","just_the",2195,1175,1020
"1337","just_to",1375,157,1218
"1338","keep_the",1574,1579,5
"1339","kind_of",3058,2875,183
"1340","kinds_of",1865,1729,136
"1341","king_of",38,232,194
"1342","know_how",1739,668,1071
"1343","know_that",2586,2073,513
"1344","know_the",1956,1130,826
"1345","know_what",2442,1768,674
"1346","knowledge_of",304,1948,1644
"1347","known_as",2166,2534,368
"1348","known_to",445,1301,856
"1349","lack_of",2530,2752,222
"1350","last_month",1875,991,884
"1351","last_night",1233,2660,1427
"1352","last_two",167,137,30
"1353","last_week",2836,1803,1033
"1354","last_year",2859,2779,80
"1355","last_year's",970,319,651
"1356","later_the",351,855,504
"1357","law_and",545,1599,1054
"1358","lead_to",1983,2333,350
"1359","leader_of",944,1653,709
"1360","least_one",1005,550,455
"1361","leave_the",1288,1250,38
"1362","led_by",805,1581,776
"1363","led_to",1933,2499,566
"1364","left_the",1083,1731,648
"1365","left_to",212,1397,1185
"1366","less_than",2700,2736,36
"1367","let_me",1755,8,1747
"1368","let_us",536,909,373
"1369","letter_to",1804,555,1249
"1370","level_of",1859,2759,900
"1371","life_and",2271,1988,283
"1372","life_in",1830,1608,222
"1373","life_is",1542,207,1335
"1374","life_of",1760,1625,135
"1375","life_the",740,318,422
"1376","light_of",662,1189,527
"1377","like_a",3025,2791,234
"1378","like_it",1355,261,1094
"1379","like_that",1901,1472,429
"1380","like_the",3003,2776,227
"1381","like_this",1923,1223,700
"1382","like_to",2758,2662,96
"1383","likely_to",2886,2988,102
"1384","line_of",1344,974,370
"1385","linked_to",290,522,232
"1386","list_of",2514,2022,492
"1387","listen_to",890,225,665
"1388","little_more",1027,833,194
"1389","little_to",258,147,111
"1390","live_in",2019,1549,470
"1391","lived_in",104,773,669
"1392","lives_in",425,163,262
"1393","living_in",1576,1642,66
"1394","long_as",2431,1993,438
"1395","long_time",1076,1070,6
"1396","look_at",2650,2581,69
"1397","look_for",956,360,596
"1398","looking_at",499,1598,1099
"1399","looking_for",1960,1860,100
"1400","los_angeles",3069,15,3054
"1401","loss_of",1166,2317,1151
"1402","lot_of",2919,2755,164
"1403","lots_of",2355,1176,1179
"1404","made_a",2484,2494,10
"1405","made_by",1633,2374,741
"1406","made_his",117,50,67
"1407","made_in",780,2166,1386
"1408","made_it",1999,1905,94
"1409","made_of",353,1105,752
"1410","made_the",2457,2203,254
"1411","made_to",88,2369,2281
"1412","made_up",156,1066,910
"1413","majority_of",1659,2475,816
"1414","make_a",2762,2785,23
"1415","make_it",2589,2199,390
"1416","make_sure",1131,1670,539
"1417","make_the",2812,2582,230
"1418","make_up",846,717,129
"1419","makes_a",1673,504,1169
"1420","makes_it",1988,836,1152
"1421","makes_the",2394,333,2061
"1422","making_a",1443,1534,91
"1423","making_it",1193,150,1043
"1424","making_the",1825,1314,511
"1425","man_and",1283,627,656
"1426","man_in",1571,597,974
"1427","man_of",558,336,222
"1428","man_who",2490,2051,439
"1429","managed_to",1643,1821,178
"1430","many_of",2856,2928,72
"1431","many_other",111,1224,1113
"1432","many_people",2204,1776,428
"1433","many_years",178,1661,1483
"1434","market_and",225,422,197
"1435","market_for",254,19,235
"1436","matter_of",1832,2258,426
"1437","may_be",3044,3105,61
"1438","may_have",2840,2864,24
"1439","may_not",2569,2522,47
"1440","may_well",303,1807,1504
"1441","me_a",1437,907,530
"1442","me_and",1467,1470,3
"1443","me_i",1127,1308,181
"1444","me_in",651,308,343
"1445","me_that",2109,1187,922
"1446","me_the",1317,509,808
"1447","me_to",2553,2201,352
"1448","mean_that",1695,1451,244
"1449","meaning_of",924,986,62
"1450","means_of",306,2511,2205
"1451","means_that",2228,2148,80
"1452","measure_of",614,732,118
"1453","meet_the",2419,1570,849
"1454","meeting_with",218,66,152
"1455","member_of",2138,2720,582
"1456","members_of",2693,2945,252
"1457","men_and",1697,1846,149
"1458","men_in",790,420,370
"1459","men_who",560,430,130
"1460","middle_east",2047,1336,711
"1461","middle_of",1305,1366,61
"1462","might_be",2860,2889,29
"1463","might_have",2724,2376,348
"1464","might_not",1356,281,1075
"1465","million_in",2107,896,1211
"1466","millions_of",2242,346,1896
"1467","money_and",1928,820,1108
"1468","money_for",1102,302,800
"1469","money_to",2092,981,1111
"1470","months_ago",1523,154,1369
"1471","months_of",108,1090,982
"1472","more_and",1991,1514,477
"1473","more_important",1800,1324,476
"1474","more_in",936,262,674
"1475","more_likely",2148,1862,286
"1476","more_of",2103,1693,410
"1477","more_or",1503,811,692
"1478","more_than",3106,3088,18
"1479","more_to",1630,1100,530
"1480","most_important",1969,2266,297
"1481","most_of",3010,2973,37
"1482","most_people",1860,805,1055
"1483","move_to",45,565,520
"1484","much_as",2544,1959,585
"1485","much_in",508,204,304
"1486","much_less",1063,325,738
"1487","much_more",2608,2632,24
"1488","much_of",2851,2780,71
"1489","much_the",1411,982,429
"1490","much_to",1599,1607,8
"1491","must_be",2801,3027,226
"1492","must_have",1971,2455,484
"1493","my_father",64,85,21
"1494","my_life",1195,338,857
"1495","my_own",2061,1508,553
"1496","name_of",1944,1588,356
"1497","nature_of",1487,2739,1252
"1498","near_the",832,1757,925
"1499","necessary_to",719,2342,1623
"1500","need_a",821,677,144
"1501","need_for",1459,2571,1112
"1502","need_to",2892,3003,111
"1503","needed_to",1417,1929,512
"1504","needs_to",1961,2003,42
"1505","never_be",318,478,160
"1506","never_been",1558,948,610
"1507","new_york",3135,2419,716
"1508","next_to",1873,622,1251
"1509","next_week",1067,573,494
"1510","next_year",1667,1622,45
"1511","no_doubt",2090,2287,197
"1512","no_less",527,112,415
"1513","no_longer",2742,2670,72
"1514","no_matter",1986,189,1797
"1515","no_more",2065,2081,16
"1516","no_one",2949,2273,676
"1517","no_other",402,352,50
"1518","no_reason",340,243,97
"1519","no_such",281,79,202
"1520","no_way",889,205,684
"1521","none_of",2646,1749,897
"1522","northern_ireland",986,2348,1362
"1523","not_a",3014,2853,161
"1524","not_all",1307,1425,118
"1525","not_always",276,1621,1345
"1526","not_an",2054,950,1104
"1527","not_as",2313,1610,703
"1528","not_at",653,427,226
"1529","not_be",2889,3072,183
"1530","not_been",1539,2513,974
"1531","not_being",585,384,201
"1532","not_enough",505,159,346
"1533","not_even",1772,864,908
"1534","not_for",1628,913,715
"1535","not_going",1461,89,1372
"1536","not_have",2501,2762,261
"1537","not_in",2439,2390,49
"1538","not_just",2748,2215,533
"1539","not_know",155,959,804
"1540","not_make",14,116,102
"1541","not_necessarily",644,1641,997
"1542","not_of",316,309,7
"1543","not_on",855,53,802
"1544","not_only",2831,2950,119
"1545","not_really",787,65,722
"1546","not_so",2035,1874,161
"1547","not_that",2337,592,1745
"1548","not_the",2994,2868,126
"1549","not_to",3050,2976,74
"1550","not_want",102,742,640
"1551","not_yet",1322,1505,183
"1552","note_that",2389,690,1699
"1553","noted_that",1555,696,859
"1554","nothing_to",2237,1351,886
"1555","notion_of",709,1084,375
"1556","now_a",1341,842,499
"1557","now_and",1299,514,785
"1558","now_be",73,601,528
"1559","now_i",1156,637,519
"1560","now_in",727,990,263
"1561","now_that",2346,807,1539
"1562","now_the",2380,1938,442
"1563","number_of",2979,3101,122
"1564","numbers_of",181,1742,1561
"1565","of_a",3141,3137,4
"1566","of_all",2981,2993,12
"1567","of_american",2637,101,2536
"1568","of_an",3031,3039,8
"1569","of_another",683,631,52
"1570","of_any",2524,2833,309
"1571","of_art",1677,1679,2
"1572","of_being",2572,2468,104
"1573","of_black",1540,110,1430
"1574","of_both",1712,2048,336
"1575","of_business",960,1287,327
"1576","of_course",3091,2996,95
"1577","of_each",932,2113,1181
"1578","of_economic",1010,1557,547
"1579","of_education",251,1718,1467
"1580","of_every",1141,298,843
"1581","of_good",707,957,250
"1582","of_government",1566,2036,470
"1583","of_great",55,1227,1172
"1584","of_having",1221,749,472
"1585","of_her",2951,2821,130
"1586","of_him",1674,754,920
"1587","of_his",3121,3110,11
"1588","of_history",1044,395,649
"1589","of_how",2504,1914,590
"1590","of_human",1704,1492,212
"1591","of_information",886,1963,1077
"1592","of_interest",733,2006,1273
"1593","of_it",2893,2834,59
"1594","of_its",3029,3025,4
"1595","of_john",913,138,775
"1596","of_justice",1618,623,995
"1597","of_law",386,1440,1054
"1598","of_life",2461,2454,7
"1599","of_london",2529,1485,1044
"1600","of_making",513,810,297
"1601","of_many",1398,1912,514
"1602","of_men",795,821,26
"1603","of_modern",1582,888,694
"1604","of_money",2198,1896,302
"1605","of_more",1011,1559,548
"1606","of_most",553,178,375
"1607","of_my",2869,2646,223
"1608","of_national",332,1639,1307
"1609","of_new",2702,2436,266
"1610","of_one",2421,2520,99
"1611","of_other",2009,2397,388
"1612","of_our",2820,2891,71
"1613","of_people",2632,2652,20
"1614","of_personal",95,263,168
"1615","of_political",1885,1852,33
"1616","of_power",1015,1675,660
"1617","of_public",1750,2192,442
"1618","of_several",400,244,156
"1619","of_social",870,2514,1644
"1620","of_some",2034,2536,502
"1621","of_staff",416,1327,911
"1622","of_state",2071,2873,802
"1623","of_such",1985,2668,683
"1624","of_that",2819,2809,10
"1625","of_the",3149,3149,0
"1626","of_their",3036,3086,50
"1627","of_them",2997,2956,41
"1628","of_these",2941,3033,92
"1629","of_things",743,410,333
"1630","of_this",3055,3093,38
"1631","of_those",2896,2877,19
"1632","of_three",697,1755,1058
"1633","of_time",2375,2375,0
"1634","of_two",2000,2355,355
"1635","of_us",2727,2575,152
"1636","of_view",1176,1510,334
"1637","of_war",1079,1216,137
"1638","of_what",2872,2787,85
"1639","of_which",2701,2926,225
"1640","of_whom",1623,1719,96
"1641","of_women",1135,1853,718
"1642","of_work",965,2220,1255
"1643","of_years",843,567,276
"1644","of_you",1511,445,1066
"1645","of_your",2543,2681,138
"1646","off_a",1315,268,1047
"1647","off_and",21,301,280
"1648","off_in",188,208,20
"1649","off_the",2874,2805,69
"1650","off_to",1080,1226,146
"1651","offers_a",785,55,730
"1652","office_and",190,291,101
"1653","on_a",3103,3112,9
"1654","on_all",851,1278,427
"1655","on_an",2319,2339,20
"1656","on_and",1009,1476,467
"1657","on_behalf",1495,1573,78
"1658","on_both",959,830,129
"1659","on_her",2172,1519,653
"1660","on_his",2910,2823,87
"1661","on_how",2093,1048,1045
"1662","on_in",1243,1088,155
"1663","on_it",2042,1668,374
"1664","on_its",2806,2232,574
"1665","on_monday",706,822,116
"1666","on_my",1827,1414,413
"1667","on_one",1445,1640,195
"1668","on_our",688,972,284
"1669","on_some",424,102,322
"1670","on_sunday",519,1173,654
"1671","on_that",1801,1523,278
"1672","on_the",3146,3146,0
"1673","on_their",2667,2735,68
"1674","on_them",171,439,268
"1675","on_this",2786,2634,152
"1676","on_to",2697,2900,203
"1677","on_top",1077,1169,92
"1678","on_what",1853,1077,776
"1679","on_which",1669,2241,572
"1680","on_your",2086,1777,309
"1681","once_a",237,752,515
"1682","once_again",2032,1686,346
"1683","once_the",1034,1517,483
"1684","one_and",900,1265,365
"1685","one_another",721,356,365
"1686","one_can",1289,1271,18
"1687","one_day",1052,1331,279
"1688","one_for",44,526,482
"1689","one_hand",591,707,116
"1690","one_in",2115,2077,38
"1691","one_is",2286,1441,845
"1692","one_of",3123,3121,2
"1693","one_or",734,2011,1277
"1694","one_that",2170,902,1268
"1695","one_the",1152,328,824
"1696","one_thing",2059,653,1406
"1697","one_to",976,931,45
"1698","one_way",525,100,425
"1699","one_who",1192,4,1188
"1700","only_a",2692,2669,23
"1701","only_be",279,2001,1722
"1702","only_by",465,761,296
"1703","only_for",69,448,379
"1704","only_if",141,118,23
"1705","only_in",1848,1892,44
"1706","only_one",2559,2361,198
"1707","only_the",2537,2414,123
"1708","only_to",2165,2306,141
"1709","only_two",101,725,624
"1710","onto_the",437,915,478
"1711","opportunity_to",1765,2318,553
"1712","opposed_to",1632,1417,215
"1713","opposition_to",1302,928,374
"1714","or_a",2789,2811,22
"1715","or_an",427,401,26
"1716","or_any",439,992,553
"1717","or_as",592,885,293
"1718","or_at",2341,1355,986
"1719","or_even",2592,2177,415
"1720","or_for",172,641,469
"1721","or_her",1008,1367,359
"1722","or_if",534,751,217
"1723","or_in",1429,2315,886
"1724","or_is",1022,214,808
"1725","or_less",1631,1272,359
"1726","or_more",1766,2338,572
"1727","or_not",2624,2435,189
"1728","or_other",547,1849,1302
"1729","or_so",1837,1506,331
"1730","or_that",1537,636,901
"1731","or_the",2931,2941,10
"1732","or_to",2447,2379,68
"1733","or_two",1608,1911,303
"1734","order_of",380,934,554
"1735","order_to",2755,2918,163
"1736","other_countries",193,510,317
"1737","other_hand",2526,2324,202
"1738","other_people",1438,1022,416
"1739","other_than",2064,2063,1
"1740","other_things",1522,23,1499
"1741","other_words",2432,1466,966
"1742","ought_to",2390,1377,1013
"1743","our_own",1174,1412,238
"1744","out_a",2358,2004,354
"1745","out_and",2043,2134,91
"1746","out_as",366,226,140
"1747","out_at",408,746,338
"1748","out_by",1082,1635,553
"1749","out_for",1785,1894,109
"1750","out_in",2527,2605,78
"1751","out_of",3115,3095,20
"1752","out_on",1686,1826,140
"1753","out_that",2913,1975,938
"1754","out_the",2938,2829,109
"1755","out_there",1373,37,1336
"1756","out_to",2803,2649,154
"1757","out_with",861,924,63
"1758","outside_the",1768,2528,760
"1759","over_a",2167,2593,426
"1760","over_and",1360,961,399
"1761","over_the",3085,3103,18
"1762","over_to",1538,1114,424
"1763","owned_by",286,433,147
"1764","paid_for",369,394,25
"1765","pair_of",1124,951,173
"1766","part_of",3051,3096,45
"1767","parts_of",1265,2533,1268
"1768","party_and",204,980,776
"1769","party_the",4,372,368
"1770","past_the",556,288,268
"1771","pay_for",2316,1387,929
"1772","pay_the",350,838,488
"1773","people_and",1978,1982,4
"1774","people_are",2433,2141,292
"1775","people_have",1516,1299,217
"1776","people_in",2564,2495,69
"1777","people_of",1207,1400,193
"1778","people_the",845,645,200
"1779","people_to",2301,2059,242
"1780","people_were",213,1600,1387
"1781","people_who",2958,2756,202
"1782","people_will",580,209,371
"1783","people_with",799,1219,420
"1784","percentage_of",1039,70,969
"1785","perhaps_the",2113,1709,404
"1786","period_of",423,2500,2077
"1787","person_who",1047,1042,5
"1788","pick_up",765,317,448
"1789","picked_up",611,547,64
"1790","picture_of",1862,900,962
"1791","piece_of",2246,2109,137
"1792","place_in",1833,2492,659
"1793","place_to",686,733,47
"1794","plan_to",2155,587,1568
"1795","plans_to",2005,1684,321
"1796","plenty_of",1992,1638,354
"1797","point_in",567,899,332
"1798","point_is",1715,236,1479
"1799","point_of",2546,2506,40
"1800","point_out",2040,13,2027
"1801","point_to",41,414,373
"1802","pointed_out",2102,1632,470
"1803","points_out",2587,369,2218
"1804","policy_of",411,1202,791
"1805","political_and",596,1153,557
"1806","possibility_of",835,1955,1120
"1807","possible_to",1002,2535,1533
"1808","power_and",941,1270,329
"1809","power_of",1951,1827,124
"1810","power_to",1644,1866,222
"1811","prepared_to",673,2347,1674
"1812","president_of",2412,1745,667
"1813","pressure_on",120,531,411
"1814","price_of",1578,1781,203
"1815","prime_minister",2841,2896,55
"1816","probably_the",588,535,53
"1817","problem_is",2171,1041,1130
"1818","problem_of",389,1704,1315
"1819","process_of",503,2359,1856
"1820","produced_by",880,605,275
"1821","product_of",630,294,336
"1822","prospect_of",515,969,454
"1823","protect_the",15,121,106
"1824","public_and",17,200,183
"1825","published_in",1323,1525,202
"1826","purpose_of",447,1812,1365
"1827","put_a",557,330,227
"1828","put_it",2294,1360,934
"1829","put_on",382,1142,760
"1830","put_the",1666,1556,110
"1831","quality_of",1500,2277,777
"1832","question_is",1973,128,1845
"1833","question_of",2240,2396,156
"1834","quite_a",619,1364,745
"1835","raise_the",555,235,320
"1836","range_of",911,2923,2012
"1837","rate_of",1745,2486,741
"1838","rather_than",3011,3038,27
"1839","read_the",2525,512,2013
"1840","ready_to",1894,1591,303
"1841","reason_for",1446,1712,266
"1842","reason_to",1707,312,1395
"1843","reason_why",5,594,589
"1844","reasons_for",273,1452,1179
"1845","recent_years",1326,1631,305
"1846","record_of",294,883,589
"1847","reduce_the",418,1566,1148
"1848","refer_to",1051,1296,245
"1849","reference_to",1188,1895,707
"1850","referred_to",839,2310,1471
"1851","refers_to",1064,365,699
"1852","refused_to",2143,2071,72
"1853","regardless_of",739,103,636
"1854","relations_with",775,1167,392
"1855","relationship_between",182,2055,1873
"1856","relationship_with",2016,1012,1004
"1857","release_of",1086,41,1045
"1858","rely_on",345,654,309
"1859","remember_that",25,508,483
"1860","report_on",1256,918,338
"1861","reported_that",2531,848,1683
"1862","required_to",1098,2084,986
"1863","respond_to",680,400,280
"1864","response_to",2549,2229,320
"1865","responsibility_for",670,1985,1315
"1866","responsible_for",1943,2570,627
"1867","rest_of",2775,2595,180
"1868","result_of",2052,2790,738
"1869","results_of",52,1024,972
"1870","return_of",367,274,93
"1871","return_to",2182,2478,296
"1872","returned_to",837,2120,1283
"1873","review_of",2119,1155,964
"1874","right_and",654,625,29
"1875","right_to",2780,2729,51
"1876","rights_and",511,425,86
"1877","rise_in",598,1353,755
"1878","rise_of",1235,40,1195
"1879","rise_to",299,1286,987
"1880","risk_of",1227,1565,338
"1881","role_in",2245,2020,225
"1882","role_of",1449,2382,933
"1883","room_for",145,293,148
"1884","round_of",201,867,666
"1885","run_the",1040,77,963
"1886","said_a",47,657,610
"1887","said_he",2450,2308,142
"1888","said_i",577,2278,1701
"1889","said_in",2507,845,1662
"1890","said_it",2444,2100,344
"1891","said_she",2,104,102
"1892","said_that",2961,2909,52
"1893","said_the",2909,2870,39
"1894","said_they",689,1047,358
"1895","said_to",2516,2427,89
"1896","same_as",481,679,198
"1897","same_time",2098,2620,522
"1898","same_way",491,1128,637
"1899","saw_the",620,1464,844
"1900","say_that",2899,2527,372
"1901","say_the",2653,1306,1347
"1902","say_they",1218,431,787
"1903","saying_that",2832,1449,1383
"1904","says_he",2079,324,1755
"1905","says_it",1423,143,1280
"1906","says_that",2987,1660,1327
"1907","says_the",3066,1458,1608
"1908","school_and",53,1126,1073
"1909","school_of",409,813,404
"1910","schools_and",565,790,225
"1911","search_for",1492,756,736
"1912","secretary_of",2189,2712,523
"1913","section_of",298,1244,946
"1914","see_a",1595,791,804
"1915","see_how",1273,624,649
"1916","see_if",255,47,208
"1917","see_it",1335,295,1040
"1918","see_that",516,1016,500
"1919","see_the",2732,2598,134
"1920","see_what",529,282,247
"1921","seem_to",2866,2619,247
"1922","seemed_to",2013,2335,322
"1923","seems_to",3012,2750,262
"1924","seen_as",674,2482,1808
"1925","seen_the",343,496,153
"1926","sense_of",2807,2749,58
"1927","sent_to",11,1705,1694
"1928","series_of",2329,2721,392
"1929","set_in",566,893,327
"1930","set_of",1869,2360,491
"1931","set_the",370,450,80
"1932","set_up",1450,2748,1298
"1933","seven_years",143,227,84
"1934","share_of",1413,1348,65
"1935","she_could",634,440,194
"1936","she_did",403,353,50
"1937","she_had",2249,2591,342
"1938","she_has",2571,2023,548
"1939","she_is",2685,2408,277
"1940","she_said",1698,2067,369
"1941","she_says",942,1448,506
"1942","she_was",2870,2935,65
"1943","she_will",506,182,324
"1944","she_would",1126,1136,10
"1945","short_of",1276,945,331
"1946","should_be",3030,3109,79
"1947","should_have",2560,2512,48
"1948","should_not",2430,2607,177
"1949","show_that",2031,1665,366
"1950","show_the",434,681,247
"1951","shows_that",1572,970,602
"1952","side_of",2401,2577,176
"1953","sign_of",1121,593,528
"1954","signs_of",238,755,517
"1955","similar_to",758,1423,665
"1956","since_it",1048,1134,86
"1957","since_the",2950,2911,39
"1958","since_then",459,383,76
"1959","six_months",945,1802,857
"1960","six_years",701,363,338
"1961","size_of",1607,1850,243
"1962","so_as",177,1240,1063
"1963","so_far",2532,2678,146
"1964","so_he",1392,619,773
"1965","so_i",2234,2235,1
"1966","so_if",307,20,287
"1967","so_in",292,703,411
"1968","so_it",1533,1882,349
"1969","so_long",977,1063,86
"1970","so_many",2495,2200,295
"1971","so_much",2876,2588,288
"1972","so_on",2149,2053,96
"1973","so_that",2680,2959,279
"1974","so_the",2534,2441,93
"1975","so_they",1241,856,385
"1976","so_we",778,1390,612
"1977","so_you",682,495,187
"1978","social_security",2658,1430,1228
"1979","some_of",3034,3059,25
"1980","some_other",958,642,316
"1981","some_people",1662,1002,660
"1982","someone_who",1770,345,1425
"1983","something_of",245,997,752
"1984","something_that",1139,144,995
"1985","something_to",1637,758,879
"1986","son_of",381,1107,726
"1987","soon_as",947,1858,911
"1988","sort_of",2933,2705,228
"1989","sorts_of",314,219,95
"1990","source_of",1485,2195,710
"1991","soviet_union",1371,2236,865
"1992","spirit_of",871,126,745
"1993","standards_of",49,768,719
"1994","state_and",1395,1096,299
"1995","state_of",2478,2460,18
"1996","states_and",2041,515,1526
"1997","still_a",921,590,331
"1998","still_be",640,1017,377
"1999","still_in",205,1027,822
"2000","story_of",2602,952,1650
"2001","study_of",1253,2371,1118
"2002","subject_of",1937,1630,307
"2003","subject_to",1294,2489,1195
"2004","success_of",978,1204,226
"2005","such_a",2948,2991,43
"2006","such_an",1497,2076,579
"2007","such_as",3087,3090,3
"2008","suggest_that",2007,2007,0
"2009","suggested_that",1813,2136,323
"2010","suggests_that",2377,1913,464
"2011","support_for",2264,2172,92
"2012","support_of",1036,1808,772
"2013","support_the",1350,1468,118
"2014","supposed_to",2690,1087,1603
"2015","supreme_court",2613,25,2588
"2016","sure_that",1014,1671,657
"2017","system_is",198,774,576
"2018","system_of",646,2285,1639
"2019","system_the",27,744,717
"2020","take_a",2547,2281,266
"2021","take_it",789,162,627
"2022","take_on",1780,606,1174
"2023","take_the",2388,2471,83
"2024","taking_a",23,402,379
"2025","taking_the",489,1004,515
"2026","talk_about",2446,905,1541
"2027","talk_to",1220,714,506
"2028","talking_about",2369,678,1691
"2029","tell_you",1967,474,1493
"2030","tend_to",2460,2320,140
"2031","tends_to",568,985,417
"2032","terms_of",1888,2915,1027
"2033","than_a",2867,2768,99
"2034","than_any",1874,798,1076
"2035","than_in",1841,2092,251
"2036","than_it",2218,910,1308
"2037","than_one",757,1405,648
"2038","than_that",1479,1490,11
"2039","than_the",3024,2967,57
"2040","than_they",1987,549,1438
"2041","than_those",196,706,510
"2042","than_to",1640,1035,605
"2043","thank_you",1090,202,888
"2044","thanks_to",2134,1052,1082
"2045","that_a",3056,3017,39
"2046","that_all",2265,2296,31
"2047","that_although",633,436,197
"2048","that_an",1897,1829,68
"2049","that_and",164,28,136
"2050","that_any",1530,1512,18
"2051","that_are",2691,2401,290
"2052","that_as",2214,1644,570
"2053","that_at",1826,1396,430
"2054","that_both",450,38,412
"2055","that_by",1046,675,371
"2056","that_can",1946,1743,203
"2057","that_could",2202,1179,1023
"2058","that_even",2243,780,1463
"2059","that_for",1910,1524,386
"2060","that_had",1711,1728,17
"2061","that_has",2708,2213,495
"2062","that_have",2221,1676,545
"2063","that_he",3114,3083,31
"2064","that_her",2053,181,1872
"2065","that_his",2868,2431,437
"2066","that_i",2988,2919,69
"2067","that_if",2815,2643,172
"2068","that_in",2959,2904,55
"2069","that_is",3073,3046,27
"2070","that_it",3092,3098,6
"2071","that_its",1791,804,987
"2072","that_many",1775,1650,125
"2073","that_may",1473,343,1130
"2074","that_most",2030,922,1108
"2075","that_my",1043,307,736
"2076","that_no",2282,1655,627
"2077","that_of",2598,2881,283
"2078","that_on",1068,576,492
"2079","that_one",2562,1855,707
"2080","that_only",1605,720,885
"2081","that_our",1569,250,1319
"2082","that_people",2024,1023,1001
"2083","that_she",2902,2523,379
"2084","that_some",2382,1925,457
"2085","that_such",1384,1696,312
"2086","that_the",3145,3140,5
"2087","that_their",2159,2085,74
"2088","that_there",2853,2990,137
"2089","that_these",1655,1801,146
"2090","that_they",3042,3070,28
"2091","that_this",2946,2880,66
"2092","that_time",621,1907,1286
"2093","that_to",616,865,249
"2094","that_was",2864,2800,64
"2095","that_way",1101,14,1087
"2096","that_we",2894,2921,27
"2097","that_were",1514,1168,346
"2098","that_what",1334,231,1103
"2099","that_when",2385,1541,844
"2100","that_while",2099,326,1773
"2101","that_will",2620,1966,654
"2102","that_with",675,109,566
"2103","that_would",2911,2245,666
"2104","that_you",2921,2801,120
"2105","that_your",1061,69,992
"2106","the_1930s",18,260,242
"2107","the_1950s",264,417,153
"2108","the_1960s",1028,1013,15
"2109","the_1970s",899,1182,283
"2110","the_1980s",1724,1531,193
"2111","the_ability",1129,1420,291
"2112","the_absence",544,1533,989
"2113","the_act",139,2291,2152
"2114","the_action",158,1375,1217
"2115","the_actual",1455,1518,63
"2116","the_administration",1995,273,1722
"2117","the_age",1867,2265,398
"2118","the_agreement",385,1297,912
"2119","the_air",2287,1854,433
"2120","the_american",3008,2164,844
"2121","the_amount",1038,2262,1224
"2122","the_answer",2391,1471,920
"2123","the_argument",1410,895,515
"2124","the_army",1250,1780,530
"2125","the_art",1518,1427,91
"2126","the_audience",1682,644,1038
"2127","the_author",2468,979,1489
"2128","the_average",2087,1804,283
"2129","the_baby",551,48,503
"2130","the_back",1736,2363,627
"2131","the_ball",392,2043,1651
"2132","the_bank",394,2331,1937
"2133","the_basic",1084,1917,833
"2134","the_basis",1612,2541,929
"2135","the_battle",595,1009,414
"2136","the_beginning",1752,2358,606
"2137","the_benefits",348,816,468
"2138","the_best",3004,2994,10
"2139","the_better",1157,708,449
"2140","the_big",2771,1990,781
"2141","the_biggest",2357,1618,739
"2142","the_bill",2163,2090,73
"2143","the_black",2126,1474,652
"2144","the_body",1427,2025,598
"2145","the_book",2977,2186,791
"2146","the_bottom",1911,1527,384
"2147","the_british",2710,2966,256
"2148","the_budget",2081,828,1253
"2149","the_business",1984,2384,400
"2150","the_campaign",2156,1274,882
"2151","the_car",836,2101,1265
"2152","the_case",2935,2984,49
"2153","the_cause",923,818,105
"2154","the_central",950,2418,1468
"2155","the_century",1454,944,510
"2156","the_chance",496,1338,842
"2157","the_character",63,78,15
"2158","the_chief",1208,1457,249
"2159","the_child",645,2210,1565
"2160","the_children",933,2449,1516
"2161","the_chinese",2410,315,2095
"2162","the_city",2500,2757,257
"2163","the_civil",1425,1368,57
"2164","the_cold",1950,33,1917
"2165","the_committee",999,1856,857
"2166","the_common",58,1583,1525
"2167","the_companies",504,108,396
"2168","the_company",2871,2930,59
"2169","the_company's",2083,1529,554
"2170","the_computer",1405,407,998
"2171","the_concept",275,1572,1297
"2172","the_conservative",2280,1628,652
"2173","the_constitution",1377,502,875
"2174","the_context",136,1787,1651
"2175","the_cost",2335,2490,155
"2176","the_country",2932,2916,16
"2177","the_country's",2347,1789,558
"2178","the_course",1295,2554,1259
"2179","the_court",2078,2925,847
"2180","the_courts",500,1890,1390
"2181","the_crowd",19,277,258
"2182","the_current",2773,2453,320
"2183","the_daily",2325,850,1475
"2184","the_dark",1254,97,1157
"2185","the_day",2703,2772,69
"2186","the_days",609,339,270
"2187","the_death",2643,1879,764
"2188","the_debate",2133,857,1276
"2189","the_decision",2173,2362,189
"2190","the_democratic",2574,153,2421
"2191","the_department",1535,2252,717
"2192","the_details",1062,92,970
"2193","the_development",183,2680,2497
"2194","the_difference",1976,1609,367
"2195","the_director",1512,507,1005
"2196","the_door",1263,1626,363
"2197","the_early",2673,2859,186
"2198","the_earth",720,303,417
"2199","the_east",1312,2143,831
"2200","the_economic",1291,1878,587
"2201","the_economy",2581,2181,400
"2202","the_effect",1330,2388,1058
"2203","the_effects",277,1649,1372
"2204","the_election",1902,1478,424
"2205","the_end",3017,3062,45
"2206","the_english",908,2417,1509
"2207","the_entire",2521,1498,1023
"2208","the_environment",333,1950,1617
"2209","the_european",2118,2760,642
"2210","the_event",1389,2194,805
"2211","the_evidence",1600,1692,92
"2212","the_existence",56,1311,1255
"2213","the_expense",368,296,72
"2214","the_extent",672,2297,1625
"2215","the_face",1938,1820,118
"2216","the_fact",2923,2938,15
"2217","the_facts",1379,960,419
"2218","the_failure",151,446,295
"2219","the_family",2224,2698,474
"2220","the_famous",199,777,578
"2221","the_federal",2788,734,2054
"2222","the_few",746,491,255
"2223","the_field",1458,1984,526
"2224","the_film",2945,1436,1509
"2225","the_final",2177,2716,539
"2226","the_financial",1877,1958,81
"2227","the_first",3119,3125,6
"2228","the_floor",412,1228,816
"2229","the_following",2192,2939,747
"2230","the_food",374,544,170
"2231","the_form",1568,2467,899
"2232","the_former",2512,2687,175
"2233","the_four",759,1710,951
"2234","the_fourth",852,1330,478
"2235","the_free",968,192,776
"2236","the_french",2106,2658,552
"2237","the_front",2536,2096,440
"2238","the_full",1428,2184,756
"2239","the_future",2713,2767,54
"2240","the_game",2028,2350,322
"2241","the_general",2268,2807,539
"2242","the_german",1309,1756,447
"2243","the_good",2285,1435,850
"2244","the_government",2962,3060,98
"2245","the_government's",1714,2404,690
"2246","the_grand",1340,689,651
"2247","the_great",2733,2789,56
"2248","the_greatest",1945,1739,206
"2249","the_ground",1510,2452,942
"2250","the_grounds",446,1393,947
"2251","the_group",1400,2428,1028
"2252","the_growing",100,699,599
"2253","the_gulf",1529,1483,46
"2254","the_hands",828,1279,451
"2255","the_head",1914,2238,324
"2256","the_health",180,1687,1507
"2257","the_heart",1468,1482,14
"2258","the_high",1231,2381,1150
"2259","the_highest",1387,1871,484
"2260","the_history",1896,1740,156
"2261","the_home",782,2557,1775
"2262","the_house",2964,2960,4
"2263","the_human",1653,958,695
"2264","the_idea",2862,2689,173
"2265","the_image",676,168,508
"2266","the_importance",604,2122,1518
"2267","the_impression",283,177,106
"2268","the_independent",2184,516,1668
"2269","the_industry",1734,1328,406
"2270","the_information",1625,1977,352
"2271","the_international",2291,2259,32
"2272","the_irish",1573,1247,326
"2273","the_issue",2616,2337,279
"2274","the_issues",632,399,233
"2275","the_italian",763,289,474
"2276","the_japanese",1439,1098,341
"2277","the_job",1840,1986,146
"2278","the_judge",1259,1103,156
"2279","the_key",1679,1979,300
"2280","the_kind",2551,1715,836
"2281","the_king",1019,2078,1059
"2282","the_lack",597,1207,610
"2283","the_language",804,1561,757
"2284","the_larger",528,272,256
"2285","the_largest",1587,1992,405
"2286","the_last",3053,3034,19
"2287","the_late",2599,2548,51
"2288","the_latest",2754,2142,612
"2289","the_latter",2039,2613,574
"2290","the_law",2609,2764,155
"2291","the_lead",1544,525,1019
"2292","the_leading",656,806,150
"2293","the_least",1282,580,702
"2294","the_left",1886,2083,197
"2295","the_legal",1111,1629,518
"2296","the_letter",229,542,313
"2297","the_level",35,2112,2077
"2298","the_liberal",1854,1156,698
"2299","the_life",1424,1268,156
"2300","the_line",1831,1937,106
"2301","the_list",2017,1028,989
"2302","the_little",1275,775,500
"2303","the_local",1234,2894,1660
"2304","the_london",421,2008,1587
"2305","the_long",1821,1870,49
"2306","the_main",2498,2972,474
"2307","the_major",1509,2336,827
"2308","the_majority",280,2246,1966
"2309","the_man",2628,2440,188
"2310","the_many",755,1234,479
"2311","the_market",2731,2696,35
"2312","the_matter",1579,1935,356
"2313","the_meaning",239,770,531
"2314","the_media",2793,1365,1428
"2315","the_men",1013,1669,656
"2316","the_message",1153,387,766
"2317","the_middle",2660,2633,27
"2318","the_military",2225,1184,1041
"2319","the_modern",1440,1201,239
"2320","the_moment",2120,2227,107
"2321","the_money",2522,2366,156
"2322","the_more",2802,2871,69
"2323","the_morning",543,1434,891
"2324","the_most",3109,3100,9
"2325","the_mother",227,488,261
"2326","the_move",753,1044,291
"2327","the_murder",786,59,727
"2328","the_museum",461,429,32
"2329","the_music",1287,1203,84
"2330","the_name",2406,2125,281
"2331","the_names",13,86,73
"2332","the_nation",2678,551,2127
"2333","the_national",2967,2978,11
"2334","the_nature",216,2433,2217
"2335","the_need",1794,2718,924
"2336","the_net",2169,287,1882
"2337","the_new",3134,3092,42
"2338","the_news",2778,1091,1687
"2339","the_next",3013,2998,15
"2340","the_night",1132,1720,588
"2341","the_north",1020,2694,1674
"2342","the_notion",1863,914,949
"2343","the_number",2670,2858,188
"2344","the_numbers",233,620,387
"2345","the_office",1262,1467,205
"2346","the_official",2270,1645,625
"2347","the_old",2813,2898,85
"2348","the_one",2837,2628,209
"2349","the_only",3038,2979,59
"2350","the_opening",1366,1568,202
"2351","the_opportunity",359,2027,1668
"2352","the_opposite",1834,667,1167
"2353","the_organization",48,684,636
"2354","the_original",2306,2561,255
"2355","the_other",3084,3082,2
"2356","the_others",862,1111,249
"2357","the_paper",3097,866,2231
"2358","the_part",901,1542,641
"2359","the_party",2097,2612,515
"2360","the_past",2972,2902,70
"2361","the_peace",1790,799,991
"2362","the_people",2753,2738,15
"2363","the_person",1148,1973,825
"2364","the_personal",65,130,65
"2365","the_picture",1683,1011,672
"2366","the_place",419,1578,1159
"2367","the_plan",1071,808,263
"2368","the_point",2798,2457,341
"2369","the_police",1401,2774,1373
"2370","the_policy",10,1415,1405
"2371","the_political",2479,2447,32
"2372","the_poor",1926,1604,322
"2373","the_popular",744,457,287
"2374","the_population",521,1930,1409
"2375","the_possibility",1962,2129,167
"2376","the_post",3047,1361,1686
"2377","the_potential",329,1362,1033
"2378","the_power",2235,2243,8
"2379","the_practice",99,695,596
"2380","the_present",1117,2674,1557
"2381","the_president",3067,1678,1389
"2382","the_press",2963,1888,1075
"2383","the_previous",1590,2439,849
"2384","the_price",2180,2340,160
"2385","the_primary",463,638,175
"2386","the_prime",217,2484,2267
"2387","the_private",601,1509,908
"2388","the_problem",2822,2769,53
"2389","the_process",1907,2547,640
"2390","the_product",996,1252,256
"2391","the_property",696,1596,900
"2392","the_prospect",748,724,24
"2393","the_public",2863,2906,43
"2394","the_publication",1140,164,976
"2395","the_quality",393,2062,1669
"2396","the_question",2828,2688,140
"2397","the_race",860,738,122
"2398","the_rate",599,1493,894
"2399","the_reader",1691,947,744
"2400","the_real",2816,2293,523
"2401","the_reason",1957,1358,599
"2402","the_recent",2231,1342,889
"2403","the_record",1409,659,750
"2404","the_red",488,955,467
"2405","the_region",1097,1783,686
"2406","the_relationship",811,1971,1160
"2407","the_report",1552,2205,653
"2408","the_rest",2848,2773,75
"2409","the_result",2248,2544,296
"2410","the_results",1565,2030,465
"2411","the_return",319,723,404
"2412","the_right",2929,2985,56
"2413","the_rise",1882,626,1256
"2414","the_risk",981,1429,448
"2415","the_road",1372,2463,1091
"2416","the_role",1611,2319,708
"2417","the_room",752,987,235
"2418","the_rule",291,666,375
"2419","the_rules",2011,1627,384
"2420","the_ruling",537,930,393
"2421","the_russian",2252,1166,1086
"2422","the_same",3120,3116,4
"2423","the_scene",1303,1208,95
"2424","the_school",1191,2579,1388
"2425","the_second",2826,3022,196
"2426","the_sense",1526,1185,341
"2427","the_series",361,1,360
"2428","the_service",574,1805,1231
"2429","the_show",2502,998,1504
"2430","the_site",1508,1706,198
"2431","the_situation",1778,2321,543
"2432","the_size",1678,1713,35
"2433","the_small",162,1681,1519
"2434","the_social",1787,2726,939
"2435","the_sort",1733,1183,550
"2436","the_sound",532,552,20
"2437","the_south",2322,2627,305
"2438","the_soviet",1921,2611,690
"2439","the_special",77,890,813
"2440","the_stage",43,501,458
"2441","the_standard",1829,1475,354
"2442","the_start",735,2021,1286
"2443","the_state",2808,2854,46
"2444","the_status",75,629,554
"2445","the_stock",2445,570,1875
"2446","the_story",3081,1953,1128
"2447","the_street",1709,1110,599
"2448","the_streets",297,1160,863
"2449","the_study",1397,1806,409
"2450","the_subject",2657,2551,106
"2451","the_success",174,1031,857
"2452","the_summer",833,1793,960
"2453","the_sun",1325,1550,225
"2454","the_supreme",2344,797,1547
"2455","the_surface",79,983,904
"2456","the_system",1816,2464,648
"2457","the_table",939,949,10
"2458","the_tax",2100,968,1132
"2459","the_team",390,1782,1392
"2460","the_term",1386,1778,392
"2461","the_test",378,783,405
"2462","the_theory",875,284,591
"2463","the_third",2304,2683,379
"2464","the_threat",509,388,121
"2465","the_three",2066,2493,427
"2466","the_time",2970,3036,66
"2467","the_times",3076,1008,2068
"2468","the_title",1110,1562,452
"2469","the_top",2810,2816,6
"2470","the_total",1099,2370,1271
"2471","the_town",1100,2421,1321
"2472","the_traditional",1000,1918,918
"2473","the_treaty",708,1032,324
"2474","the_trial",1638,762,876
"2475","the_true",844,575,269
"2476","the_truth",2627,1109,1518
"2477","the_two",2974,3014,40
"2478","the_ultimate",1065,373,692
"2479","the_union",1710,1352,358
"2480","the_united",3108,2955,153
"2481","the_university",2398,2230,168
"2482","the_us",163,2722,2559
"2483","the_use",1954,2795,841
"2484","the_usual",1664,1264,400
"2485","the_value",1749,2138,389
"2486","the_various",501,1954,1453
"2487","the_vast",587,451,136
"2488","the_very",2584,2665,81
"2489","the_village",215,2242,2027
"2490","the_vote",1338,460,878
"2491","the_wall",3006,926,2080
"2492","the_war",2712,2732,20
"2493","the_water",253,2196,1943
"2494","the_way",3059,3006,53
"2495","the_weather",3,323,320
"2496","the_week",1955,869,1086
"2497","the_weekend",1172,687,485
"2498","the_west",2489,2728,239
"2499","the_white",3040,1613,1427
"2500","the_whole",2850,2961,111
"2501","the_wind",195,650,455
"2502","the_woman",1433,588,845
"2503","the_women",725,809,84
"2504","the_word",2666,2018,648
"2505","the_words",2055,1753,302
"2506","the_work",2131,2825,694
"2507","the_world",3096,3044,52
"2508","the_world's",2639,1886,753
"2509","the_worst",2074,1593,481
"2510","the_wrong",1935,1059,876
"2511","the_year",2601,2842,241
"2512","the_years",1114,1945,831
"2513","the_young",1906,2104,198
"2514","their_children",685,721,36
"2515","their_lives",796,860,64
"2516","their_own",2888,3008,120
"2517","their_way",754,1054,300
"2518","them_a",824,967,143
"2519","them_all",91,146,55
"2520","them_and",2089,2217,128
"2521","them_as",1249,1495,246
"2522","them_but",918,258,660
"2523","them_for",822,803,19
"2524","them_from",652,362,290
"2525","them_in",2408,2461,53
"2526","them_on",480,611,131
"2527","them_the",2397,2218,179
"2528","them_to",2833,2867,34
"2529","them_with",940,1056,116
"2530","then_a",22,359,337
"2531","then_he",1173,745,428
"2532","then_i",994,1124,130
"2533","then_the",2210,2546,336
"2534","then_you",66,265,199
"2535","theory_of",897,1093,196
"2536","there_and",103,757,654
"2537","there_are",3074,3104,30
"2538","there_has",337,2188,1851
"2539","there_have",571,1217,646
"2540","there_in",338,124,214
"2541","there_is",3104,3122,18
"2542","there_was",2937,3087,150
"2543","there_were",2567,3001,434
"2544","there_will",1815,2314,499
"2545","there_would",33,1623,1590
"2546","there's_a",2614,1350,1264
"2547","there's_no",2482,521,1961
"2548","these_are",2051,2599,548
"2549","these_days",2212,332,1880
"2550","these_two",777,1373,596
"2551","they_all",648,87,561
"2552","they_also",1081,1258,177
"2553","they_are",3080,3106,26
"2554","they_can",2481,2788,307
"2555","they_could",2029,2480,451
"2556","they_did",1588,2110,522
"2557","they_do",2402,2615,213
"2558","they_had",2528,2934,406
"2559","they_have",2926,2982,56
"2560","they_may",1589,2174,585
"2561","they_might",657,843,186
"2562","they_need",150,426,276
"2563","they_say",1723,831,892
"2564","they_should",1610,2012,402
"2565","they_want",1824,879,945
"2566","they_were",2983,3080,97
"2567","they_will",2465,2733,268
"2568","they_would",2506,2682,176
"2569","things_that",1332,68,1264
"2570","think_about",2015,390,1625
"2571","think_i",586,397,189
"2572","think_it",1596,858,738
"2573","think_of",2610,1582,1028
"2574","think_that",2720,1902,818
"2575","think_the",2336,467,1869
"2576","third_world",46,599,553
"2577","this_and",928,1158,230
"2578","this_as",917,228,689
"2579","this_book",1684,1316,368
"2580","this_case",1839,1725,114
"2581","this_country",1447,1726,279
"2582","this_has",448,1880,1432
"2583","this_in",469,1212,743
"2584","this_is",3111,3111,0
"2585","this_kind",1346,1380,34
"2586","this_may",1146,1772,626
"2587","this_means",570,1152,582
"2588","this_month",1285,851,434
"2589","this_new",455,245,210
"2590","this_one",2251,566,1685
"2591","this_point",1584,1370,214
"2592","this_the",1362,1125,237
"2593","this_time",2378,2602,224
"2594","this_to",583,239,344
"2595","this_was",2739,2977,238
"2596","this_way",1777,1825,48
"2597","this_week",2978,1836,1142
"2598","this_will",838,2150,1312
"2599","this_would",1251,1843,592
"2600","this_year",2726,2715,11
"2601","this_year's",876,314,562
"2602","those_in",331,1551,1220
"2603","those_of",2153,2485,332
"2604","those_who",2934,2963,29
"2605","though_he",1617,517,1100
"2606","though_it",1892,1394,498
"2607","though_the",2428,2000,428
"2608","though_they",97,485,388
"2609","thought_it",681,442,239
"2610","thought_of",937,829,108
"2611","thought_that",980,1403,423
"2612","thought_to",831,1453,622
"2613","thousands_of",2545,2088,457
"2614","threat_to",1171,545,626
"2615","three_months",31,1292,1261
"2616","three_of",232,610,378
"2617","three_times",879,537,342
"2618","three_years",1856,2356,500
"2619","through_a",2027,2294,267
"2620","through_the",2918,3031,113
"2621","throughout_the",1858,2697,839
"2622","time_a",582,216,366
"2623","time_and",2604,2580,24
"2624","time_but",20,278,258
"2625","time_for",1878,2046,168
"2626","time_he",711,1232,521
"2627","time_i",1469,1494,25
"2628","time_in",2136,2328,192
"2629","time_is",220,173,47
"2630","time_of",1701,2621,920
"2631","time_the",2393,2587,194
"2632","time_to",2663,2803,140
"2633","time_when",1585,1763,178
"2634","times_and",2747,91,2656
"2635","times_of",2384,119,2265
"2636","times_the",2540,320,2220
"2637","to_a",3124,3123,1
"2638","to_accept",1843,2173,330
"2639","to_achieve",717,2260,1543
"2640","to_act",250,1444,1194
"2641","to_add",615,739,124
"2642","to_all",1994,2438,444
"2643","to_allow",1713,2175,462
"2644","to_an",2885,2879,6
"2645","to_another",903,1737,834
"2646","to_answer",1616,481,1135
"2647","to_any",1498,2128,630
"2648","to_appear",877,404,473
"2649","to_ask",2339,2154,185
"2650","to_avoid",2477,2326,151
"2651","to_be",3142,3144,2
"2652","to_become",2413,2572,159
"2653","to_begin",1474,700,774
"2654","to_believe",2345,1154,1191
"2655","to_both",146,358,212
"2656","to_break",1222,1195,27
"2657","to_bring",2181,2409,228
"2658","to_build",1725,2039,314
"2659","to_buy",2606,2349,257
"2660","to_call",2219,1067,1152
"2661","to_carry",334,2086,1752
"2662","to_catch",165,57,108
"2663","to_change",2068,2115,47
"2664","to_check",741,321,420
"2665","to_choose",1073,882,191
"2666","to_come",2557,2686,129
"2667","to_consider",907,2170,1263
"2668","to_continue",1134,1837,703
"2669","to_control",209,1245,1036
"2670","to_cover",1621,1544,77
"2671","to_create",1927,2257,330
"2672","to_cut",1808,1222,586
"2673","to_deal",905,1981,1076
"2674","to_death",1297,252,1045
"2675","to_decide",642,1354,712
"2676","to_defend",1452,267,1185
"2677","to_describe",636,730,94
"2678","to_determine",658,894,236
"2679","to_develop",576,2272,1696
"2680","to_discuss",1396,1771,375
"2681","to_do",3094,3069,25
"2682","to_draw",927,1143,216
"2683","to_drive",761,51,710
"2684","to_each",444,1157,713
"2685","to_eat",874,237,637
"2686","to_end",1502,796,706
"2687","to_ensure",550,2704,2154
"2688","to_enter",248,1131,883
"2689","to_establish",623,2123,1500
"2690","to_explain",2422,1647,775
"2691","to_face",7,771,764
"2692","to_feel",922,613,309
"2693","to_fight",1583,939,644
"2694","to_fill",474,148,326
"2695","to_find",2881,2886,5
"2696","to_follow",1109,1560,451
"2697","to_get",3071,3021,50
"2698","to_give",2827,2948,121
"2699","to_go",2936,2953,17
"2700","to_have",3098,3107,9
"2701","to_hear",2352,1589,763
"2702","to_help",2684,2850,166
"2703","to_her",2740,2368,372
"2704","to_him",2496,2434,62
"2705","to_his",2999,2931,68
"2706","to_hold",1602,1936,334
"2707","to_identify",57,1456,1399
"2708","to_improve",622,2049,1427
"2709","to_include",1363,1310,53
"2710","to_increase",715,1906,1191
"2711","to_investigate",972,486,486
"2712","to_it",2278,2288,10
"2713","to_its",2648,2491,157
"2714","to_join",1484,2033,549
"2715","to_keep",2905,2847,58
"2716","to_know",2751,2487,264
"2717","to_lead",478,389,89
"2718","to_learn",1721,1690,31
"2719","to_leave",2044,2155,111
"2720","to_let",2060,789,1271
"2721","to_live",1993,2017,24
"2722","to_look",2471,2550,79
"2723","to_lose",1122,672,450
"2724","to_maintain",391,1875,1484
"2725","to_make",3095,3089,6
"2726","to_me",2824,2636,188
"2727","to_meet",1817,2596,779
"2728","to_more",629,264,365
"2729","to_move",1369,2137,768
"2730","to_my",2371,1991,380
"2731","to_new",1604,693,911
"2732","to_offer",1481,1884,403
"2733","to_one",1811,2114,303
"2734","to_open",202,929,727
"2735","to_other",1209,1736,527
"2736","to_our",1947,1889,58
"2737","to_pass",1359,568,791
"2738","to_pay",2784,2782,2
"2739","to_people",784,52,732
"2740","to_pick",815,21,794
"2741","to_play",2211,2559,348
"2742","to_prevent",2200,2221,21
"2743","to_produce",1399,2292,893
"2744","to_promote",327,1233,906
"2745","to_protect",2318,1923,395
"2746","to_prove",1078,1200,122
"2747","to_provide",1966,2852,886
"2748","to_put",2605,2606,1
"2749","to_raise",2158,1964,194
"2750","to_reach",1012,1657,645
"2751","to_read",2845,1432,1413
"2752","to_receive",130,1197,1067
"2753","to_reduce",814,2107,1293
"2754","to_remain",539,1117,578
"2755","to_remember",94,220,126
"2756","to_remove",377,748,371
"2757","to_replace",514,917,403
"2758","to_respond",454,213,241
"2759","to_return",962,1643,681
"2760","to_run",2497,1761,736
"2761","to_save",1720,1300,420
"2762","to_say",3028,2882,146
"2763","to_see",3019,3009,10
"2764","to_sell",2233,1941,292
"2765","to_send",1505,966,539
"2766","to_serve",637,802,165
"2767","to_set",1115,1972,857
"2768","to_share",764,310,454
"2769","to_show",2363,2386,23
"2770","to_sign",1041,95,946
"2771","to_sit",16,191,175
"2772","to_some",1919,2239,320
"2773","to_speak",1606,1214,392
"2774","to_spend",2207,1526,681
"2775","to_stand",349,834,485
"2776","to_start",1654,1800,146
"2777","to_stay",1866,1828,38
"2778","to_stop",2443,1957,486
"2779","to_such",82,1099,1017
"2780","to_suggest",1204,1069,135
"2781","to_support",2088,2108,20
"2782","to_take",2986,3047,61
"2783","to_talk",2213,1532,681
"2784","to_tell",2597,1754,843
"2785","to_that",2281,2422,141
"2786","to_the",3147,3147,0
"2787","to_their",2714,2893,179
"2788","to_them",2152,2415,263
"2789","to_these",470,1248,778
"2790","to_think",2662,2087,575
"2791","to_this",2671,2778,107
"2792","to_those",2077,2424,347
"2793","to_try",1939,2131,192
"2794","to_turn",1930,1479,451
"2795","to_understand",1880,1974,94
"2796","to_us",809,1818,1009
"2797","to_use",2736,2863,127
"2798","to_visit",979,1215,236
"2799","to_vote",1769,6,1763
"2800","to_watch",1872,546,1326
"2801","to_what",1763,1931,168
"2802","to_which",2241,2775,534
"2803","to_whom",152,449,297
"2804","to_win",2247,2279,32
"2805","to_work",2634,2835,201
"2806","to_write",2499,1733,766
"2807","to_you",2305,1811,494
"2808","to_your",2259,2040,219
"2809","today_the",2324,438,1886
"2810","told_him",224,305,81
"2811","told_me",1381,1341,40
"2812","told_the",2600,1760,840
"2813","too_many",2023,977,1046
"2814","too_much",2734,2228,506
"2815","took_a",1224,1290,66
"2816","took_place",161,1658,1497
"2817","took_the",1252,1851,599
"2818","top_of",2008,2344,336
"2819","tradition_of",312,140,172
"2820","treatment_of",267,676,409
"2821","tried_to",2738,2456,282
"2822","trip_to",144,238,94
"2823","true_that",1738,269,1469
"2824","try_to",2760,2653,107
"2825","trying_to",3016,2808,208
"2826","turn_to",118,286,168
"2827","turned_out",1536,635,901
"2828","two_days",293,786,493
"2829","two_months",285,290,5
"2830","two_of",1898,2034,136
"2831","two_weeks",1732,996,736
"2832","two_years",2475,2661,186
"2833","type_of",783,2574,1791
"2834","unable_to",1767,2357,590
"2835","under_a",1327,1667,340
"2836","under_the",2878,3026,148
"2837","understand_the",660,933,273
"2838","understanding_of",603,2037,1434
"2839","united_nations",1771,349,1422
"2840","united_states",3099,2746,353
"2841","university_of",2510,1280,1230
"2842","unlikely_to",498,1406,908
"2843","until_the",2485,2730,245
"2844","up_a",2593,2717,124
"2845","up_and",2458,2586,128
"2846","up_as",1004,242,762
"2847","up_at",864,1312,448
"2848","up_by",1472,2079,607
"2849","up_for",2368,1864,504
"2850","up_from",627,129,498
"2851","up_his",1255,428,827
"2852","up_in",2785,2664,121
"2853","up_on",2311,1372,939
"2854","up_the",2953,2947,6
"2855","up_their",428,412,16
"2856","up_to",2968,3041,73
"2857","up_with",2749,2564,185
"2858","upon_the",549,2538,1989
"2859","us_and",246,1061,815
"2860","us_that",1404,279,1125
"2861","us_the",679,364,315
"2862","us_to",2448,2244,204
"2863","use_a",210,1269,1059
"2864","use_of",2781,2997,216
"2865","use_the",2424,2391,33
"2866","used_by",356,1765,1409
"2867","used_in",987,2407,1420
"2868","used_the",1652,906,746
"2869","used_to",2907,2965,58
"2870","using_the",1726,2050,324
"2871","value_of",2154,2530,376
"2872","variety_of",1116,2592,1476
"2873","version_of",2674,1792,882
"2874","very_good",691,1186,495
"2875","very_little",661,962,301
"2876","very_much",522,2156,1634
"2877","very_well",74,607,533
"2878","view_of",2045,2641,596
"2879","view_that",330,1385,1055
"2880","view_the",37,127,90
"2881","visit_the",1088,139,949
"2882","visit_to",1564,2024,460
"2883","waiting_for",1154,503,651
"2884","want_to",3079,2968,111
"2885","wanted_to",2621,2556,65
"2886","wants_to",2814,1732,1082
"2887","war_and",1663,1036,627
"2888","war_in",1091,348,743
"2889","war_the",1316,411,905
"2890","was_a",3105,3115,10
"2891","was_able",83,1177,1094
"2892","was_about",1123,766,357
"2893","was_also",1949,2753,804
"2894","was_an",2535,2741,206
"2895","was_as",243,923,680
"2896","was_at",948,1978,1030
"2897","was_being",471,1750,1279
"2898","was_born",931,1817,886
"2899","was_going",1383,1569,186
"2900","was_his",347,788,441
"2901","was_in",2759,2936,177
"2902","was_it",559,354,205
"2903","was_just",1466,1285,181
"2904","was_made",305,2183,1878
"2905","was_more",1348,1442,94
"2906","was_never",825,1003,178
"2907","was_no",2183,2724,541
"2908","was_not",2895,3053,158
"2909","was_on",1368,1994,626
"2910","was_one",1779,2327,548
"2911","was_only",732,1996,1264
"2912","was_so",1586,1797,211
"2913","was_still",1390,2237,847
"2914","was_that",2645,2690,45
"2915","was_the",3068,3102,34
"2916","was_to",2473,3005,532
"2917","was_too",1159,978,181
"2918","way_for",723,447,276
"2919","way_in",624,2204,1580
"2920","way_of",2517,2813,296
"2921","way_that",1809,1462,347
"2922","way_the",2215,1677,538
"2923","way_to",2971,2747,224
"2924","we_all",1361,1025,336
"2925","we_are",2928,3011,83
"2926","we_can",2677,2855,178
"2927","we_could",1385,1764,379
"2928","we_do",1899,2353,454
"2929","we_had",1660,2567,907
"2930","we_have",2922,3049,127
"2931","we_know",2274,1321,953
"2932","we_may",29,1045,1016
"2933","we_must",602,1822,1220
"2934","we_need",1548,1592,44
"2935","we_should",2396,1956,440
"2936","we_want",774,880,106
"2937","we_were",2261,2822,561
"2938","we_will",1786,2639,853
"2939","we_would",1149,2102,953
"2940","week_and",608,88,520
"2941","week_the",2297,141,2156
"2942","well_as",2854,3015,161
"2943","well_be",295,954,659
"2944","well_in",432,585,153
"2945","went_on",1744,1987,243
"2946","went_to",2351,2443,92
"2947","were_a",2104,1831,273
"2948","were_in",1353,2365,1012
"2949","were_not",2122,2786,664
"2950","were_the",2267,2642,375
"2951","were_to",1314,2560,1246
"2952","what_a",2094,1132,962
"2953","what_are",882,827,55
"2954","what_do",1603,190,1413
"2955","what_happened",1501,221,1280
"2956","what_has",486,779,293
"2957","what_he",2729,2316,413
"2958","what_i",2519,2160,359
"2959","what_is",2898,2920,22
"2960","what_it",2552,1867,685
"2961","what_the",2927,2645,282
"2962","what_they",2644,2507,137
"2963","what_to",1756,648,1108
"2964","what_was",2223,2402,179
"2965","what_we",2308,2019,289
"2966","what_would",1650,11,1639
"2967","what_you",2456,1869,587
"2968","when_a",2466,2413,53
"2969","when_he",3002,2970,32
"2970","when_his",140,16,124
"2971","when_i",2839,2794,45
"2972","when_it",2838,2725,113
"2973","when_she",2354,2094,260
"2974","when_the",3041,3073,32
"2975","when_they",2743,2830,87
"2976","when_we",1814,2305,491
"2977","when_you",2770,2608,162
"2978","where_a",671,2010,1339
"2979","where_he",1964,2312,348
"2980","where_i",1089,166,923
"2981","where_it",1113,1863,750
"2982","where_the",2792,3000,208
"2983","where_they",1550,2105,555
"2984","where_you",749,764,15
"2985","whether_it",690,1121,431
"2986","whether_or",1642,1446,196
"2987","whether_the",2467,2425,42
"2988","whether_to",1391,203,1188
"2989","which_a",1035,1666,631
"2990","which_are",2132,2932,800
"2991","which_had",647,2828,2181
"2992","which_has",2415,2817,402
"2993","which_he",2721,2861,140
"2994","which_i",2150,2176,26
"2995","which_in",1054,1730,676
"2996","which_is",3039,3067,28
"2997","which_it",1727,2466,739
"2998","which_she",612,661,49
"2999","which_the",2844,3045,201
"3000","which_they",1661,2751,1090
"3001","which_to",112,1277,1165
"3002","which_was",2416,2951,535
"3003","which_we",336,2161,1825
"3004","which_will",1059,2630,1571
"3005","which_would",1754,2625,871
"3006","which_you",244,984,740
"3007","while_he",738,18,720
"3008","while_the",2880,2797,83
"3009","who_are",2852,2802,50
"3010","who_can",1757,1266,491
"3011","who_could",895,640,255
"3012","who_do",70,483,413
"3013","who_had",2626,2957,331
"3014","who_has",2763,2603,160
"3015","who_have",2676,2719,43
"3016","who_in",524,54,470
"3017","who_is",2857,2706,151
"3018","who_was",2741,2856,115
"3019","who_were",1871,2583,712
"3020","who_will",1893,1563,330
"3021","who_would",2004,1450,554
"3022","whom_he",635,686,51
"3023","why_the",2483,1172,1311
"3024","wife_and",1236,131,1105
"3025","will_also",138,2206,2068
"3026","will_be",3110,3131,21
"3027","will_become",1788,39,1749
"3028","will_come",189,247,58
"3029","will_continue",1029,1139,110
"3030","will_do",1268,248,1020
"3031","will_find",122,671,549
"3032","will_go",563,609,46
"3033","will_have",2573,2869,296
"3034","will_make",1517,1332,185
"3035","will_not",2689,2872,183
"3036","will_probably",1491,572,919
"3037","will_take",1178,1651,473
"3038","will_the",197,769,572
"3039","willing_to",2638,1558,1080
"3040","win_the",1072,878,194
"3041","wish_to",1057,2398,1341
"3042","with_a",3129,3130,1
"3043","with_all",1819,1840,21
"3044","with_an",2835,2837,2
"3045","with_any",127,935,808
"3046","with_her",2566,2303,263
"3047","with_him",2258,1883,375
"3048","with_his",2944,2848,96
"3049","with_it",2199,2144,55
"3050","with_its",2679,2614,65
"3051","with_me",856,484,372
"3052","with_more",241,870,629
"3053","with_my",1245,1137,108
"3054","with_no",2084,1683,401
"3055","with_one",1575,1584,9
"3056","with_other",985,2066,1081
"3057","with_our",342,492,150
"3058","with_some",1311,2057,746
"3059","with_such",483,718,235
"3060","with_that",1929,1411,518
"3061","with_the",3140,3138,2
"3062","with_their",2585,2693,108
"3063","with_them",1211,1885,674
"3064","with_this",2373,2038,335
"3065","with_those",346,741,395
"3066","with_two",618,1307,689
"3067","with_what",628,229,399
"3068","with_which",963,1983,1020
"3069","with_whom",186,151,35
"3070","with_you",1706,134,1572
"3071","with_your",2101,1392,709
"3072","within_a",502,2276,1774
"3073","within_the",2014,3018,1004
"3074","without_a",1959,1663,296
"3075","without_any",289,487,198
"3076","without_the",1913,1960,47
"3077","women_and",1278,1259,19
"3078","women_are",170,347,177
"3079","women_in",1161,1188,27
"3080","women_who",793,581,212
"3081","won_the",1903,1857,46
"3082","words_of",476,218,258
"3083","work_and",1645,2209,564
"3084","work_for",1441,1382,59
"3085","work_in",1700,2451,751
"3086","work_is",387,1481,1094
"3087","work_of",1948,2437,489
"3088","work_on",906,1989,1083
"3089","work_the",712,1246,534
"3090","working_on",433,663,230
"3091","world_and",1597,861,736
"3092","world_in",934,71,863
"3093","world_of",2238,1779,459
"3094","world_the",1042,283,759
"3095","world_war",2561,2117,444
"3096","would_be",3107,3114,7
"3097","would_have",3063,3035,28
"3098","would_like",1881,2135,254
"3099","would_make",1789,540,1249
"3100","would_never",1267,169,1098
"3101","would_not",2651,2862,211
"3102","would_probably",607,44,563
"3103","would_take",287,471,184
"3104","would_you",1087,63,1024
"3105","year_and",1735,1947,212
"3106","year_in",1261,1325,64
"3107","year_of",798,1210,412
"3108","year_the",2302,2163,139
"3109","year_to",443,1151,708
"3110","years_after",1069,660,409
"3111","years_ago",2954,2763,191
"3112","years_and",1982,2198,216
"3113","years_in",1805,1699,106
"3114","years_later",1112,1700,588
"3115","years_of",2538,2635,97
"3116","years_old",512,543,31
"3117","years_the",2349,2118,231
"3118","years_to",538,1079,541
"3119","yesterday_the",39,257,218
"3120","yet_another",1690,106,1584
"3121","yet_the",1144,871,273
"3122","yet_to",1196,459,737
"3123","you_a",1463,432,1031
"3124","you_and",2124,1074,1050
"3125","you_are",2865,2943,78
"3126","you_can",3049,3010,39
"3127","you_could",2387,2147,240
"3128","you_do",1857,2532,675
"3129","you_feel",364,185,179
"3130","you_get",2203,1220,983
"3131","you_had",311,99,212
"3132","you_have",2914,2929,15
"3133","you_in",1021,10,1011
"3134","you_know",2765,1969,796
"3135","you_may",1942,2263,321
"3136","you_might",2493,728,1765
"3137","you_must",1478,1369,109
"3138","you_need",1290,1616,326
"3139","you_see",1543,499,1044
"3140","you_should",1802,2009,207
"3141","you_the",1378,602,776
"3142","you_think",2588,1080,1508
"3143","you_to",2563,2267,296
"3144","you_want",2513,1967,546
"3145","you_were",1979,946,1033
"3146","you_will",2190,2804,614
"3147","you_would",1622,1577,45
"3148","young_people",420,1904,1484
"3149","your_own",1905,1834,71
